0 0.014721345951629864 0.03036876355748373 0.015772870662460567 0.03253796095444685
0 0.8898527865404837 0.02982646420824295 0.01629863301787592 0.03796095444685466
0 0.8583070452155626 0.03253796095444685 0.017350157728706624 0.03253796095444685
0 0.9213985278654049 0.03253796095444685 0.01840168243953733 0.03253796095444685
0 0.9842271293375394 0.03253796095444685 0.024185068349106203 0.052060737527114966
0 0.9518927444794952 0.03253796095444685 0.017350157728706624 0.03253796095444685
0 0.29258675078864355 0.03253796095444685 0.017350157728706624 0.03253796095444685
1 0.06887486855941115 0.03470715835140998 0.0694006309148265 0.03253796095444685
1 0.13301787592008413 0.033622559652928416 0.024185068349106203 0.03036876355748373
8 0.4327024185068349 0.03253796095444685 0.3028391167192429 0.04338394793926247
10 0.499211356466877 0.03036876355748373 0.998422712933754 0.06073752711496746
0 0.014195583596214511 0.09056399132321041 0.014721345951629864 0.03579175704989154
0 0.013669821240799159 0.14099783080260303 0.013669821240799159 0.03253796095444685
0 0.014195583596214511 0.18926247288503253 0.014721345951629864 0.03579175704989154
0 0.013144058885383806 0.23535791757049893 0.012618296529968454 0.03253796095444685
0 0.11593059936908517 0.19305856832971802 0.017350157728706624 0.03253796095444685
0 0.11593059936908517 0.2380694143167028 0.017350157728706624 0.033622559652928416
0 0.11593059936908517 0.2928416485900217 0.017350157728706624 0.03253796095444685
0 0.11593059936908517 0.3546637744034707 0.017350157728706624 0.03253796095444685
0 0.11593059936908517 0.4164859002169197 0.017350157728706624 0.03253796095444685
0 0.11593059936908517 0.47396963123644253 0.017350157728706624 0.03253796095444685
0 0.11593059936908517 0.5357917570498916 0.017350157728706624 0.03253796095444685
0 0.11593059936908517 0.5976138828633406 0.017350157728706624 0.03253796095444685
0 0.11593059936908517 0.6572668112798264 0.017350157728706624 0.03253796095444685
2 0.05231335436382755 0.14099783080260303 0.09831756046267087 0.04338394793926247
2 0.05231335436382755 0.18817787418655096 0.09831756046267087 0.04229934924078091
2 0.05231335436382755 0.23535791757049893 0.09831756046267087 0.04338394793926247
2 0.05231335436382755 0.29663774403470716 0.09831756046267087 0.04229934924078091
2 0.05231335436382755 0.3530368763557484 0.09831756046267087 0.04229934924078091
2 0.05231335436382755 0.4148590021691974 0.09831756046267087 0.04229934924078091
2 0.05231335436382755 0.47559652928416485 0.09831756046267087 0.04229934924078091
2 0.05231335436382755 0.539587852494577 0.09831756046267087 0.04229934924078091
2 0.053364879074658256 0.6003253796095445 0.09831756046267087 0.04229934924078091
2 0.053364879074658256 0.6567245119305857 0.09831756046267087 0.04229934924078091
11 0.06440588853838065 0.529826464208243 0.1288117770767613 0.938177874186551
0 0.1440588853838065 0.09056399132321041 0.015772870662460567 0.03579175704989154
0 0.2618296529968454 0.09164859002169197 0.01892744479495268 0.033622559652928416
0 0.9855415352260778 0.08893709327548807 0.017350157728706624 0.03253796095444685
0 0.9442691903259727 0.08947939262472886 0.015772870662460567 0.03796095444685466
0 0.14274447949526814 0.14099783080260303 0.01629863301787592 0.0368763557483731
0 0.3472660357518402 0.09164859002169197 0.01629863301787592 0.03796095444685466
0 0.43559411146161936 0.09164859002169197 0.017350157728706624 0.033622559652928416
0 0.19900105152471084 0.0938177874186551 0.017350157728706624 0.033622559652928416
0 0.1706098843322818 0.09164859002169197 0.01840168243953733 0.04229934924078091
1 0.24263932702418506 0.1399132321041215 0.18138801261829654 0.03036876355748373
6 0.1661409043112513 0.28470715835141 0.048370136698212406 0.04229934924078091
14 0.5651945320715037 0.2885032537960954 0.8696109358569927 0.05856832971800434
4 0.21556256572029442 0.0911062906724512 0.05573080967402734 0.052060737527114966
4 0.28969505783385907 0.09273318872017354 0.08096740273396424 0.04880694143167028
4 0.38091482649842273 0.09002169197396963 0.08780231335436382 0.049891540130151846
4 0.955310199789695 0.09002169197396963 0.0452155625657203 0.049891540130151846
13 0.5644058885383807 0.0911062906724512 0.8711882229232387 0.05639913232104121
1 0.15851735015772872 0.19956616052060738 0.04048370136698212 0.04338394793926247
1 0.1971608832807571 0.20065075921908893 0.03680336487907466 0.04121475054229935
1 0.157465825446898 0.23752711496746204 0.03838065194532071 0.03253796095444685
1 0.18033648790746581 0.3823210412147505 0.03785488958990536 0.03796095444685466
1 0.18848580441640378 0.44739696312364424 0.054153522607781286 0.03796095444685466
1 0.17981072555205047 0.5157266811279827 0.03680336487907466 0.03796095444685466
1 0.28732912723449 0.3823210412147505 0.03207150368033649 0.03796095444685466
1 0.28732912723449 0.4517353579175705 0.03207150368033649 0.03796095444685466
1 0.28286014721345953 0.5189804772234273 0.023133543638275498 0.03796095444685466
3 0.5599369085173501 0.37906724511930584 0.8359621451104101 0.06399132321041215
3 0.5599369085173501 0.447939262472885 0.8359621451104101 0.0737527114967462
3 0.5599369085173501 0.5157266811279827 0.8359621451104101 0.06182212581344902
12 0.5644058885383807 0.5601952277657267 0.8711882229232387 0.8796095444685467
