0 0.01484375 0.03031914893617021 0.016145833333333335 0.03297872340425532
0 0.88984375 0.03031914893617021 0.016145833333333335 0.03723404255319149
0 0.8583333333333333 0.032446808510638296 0.017708333333333333 0.03297872340425532
0 0.92109375 0.032446808510638296 0.018229166666666668 0.03297872340425532
0 0.9841145833333333 0.032446808510638296 0.024479166666666666 0.052127659574468084
0 0.9518229166666666 0.032446808510638296 0.0171875 0.03297872340425532
0 0.29244791666666664 0.032446808510638296 0.0171875 0.03297872340425532
1 0.06901041666666667 0.034574468085106384 0.06927083333333334 0.03297872340425532
1 0.13307291666666668 0.03351063829787234 0.024479166666666666 0.030851063829787233
8 0.43255208333333334 0.032446808510638296 0.3026041666666667 0.04148936170212766
10 0.49921875 0.03031914893617021 0.9984375 0.06063829787234042
0 0.014322916666666666 0.0898936170212766 0.015104166666666667 0.035106382978723406
0 0.013541666666666667 0.14095744680851063 0.013541666666666667 0.03297872340425532
0 0.014322916666666666 0.18936170212765957 0.015104166666666667 0.036170212765957444
0 0.013020833333333334 0.23563829787234042 0.0125 0.03297872340425532
0 0.013541666666666667 0.6090425531914894 0.013541666666666667 0.039361702127659576
0 0.013020833333333334 0.6595744680851063 0.017708333333333333 0.0425531914893617
0 0.014322916666666666 0.7648936170212766 0.015104166666666667 0.04042553191489362
0 0.013802083333333333 0.5627659574468085 0.016145833333333335 0.0425531914893617
0 0.013802083333333333 0.5175531914893617 0.016145833333333335 0.035106382978723406
0 0.11458333333333333 0.18776595744680852 0.017708333333333333 0.03297872340425532
0 0.11458333333333333 0.2845744680851064 0.017708333333333333 0.03297872340425532
0 0.11458333333333333 0.23297872340425532 0.017708333333333333 0.03404255319148936
0 0.11588541666666667 0.34627659574468084 0.0171875 0.03297872340425532
0 0.11588541666666667 0.4047872340425532 0.0171875 0.03297872340425532
0 0.11588541666666667 0.8175531914893617 0.0171875 0.03297872340425532
0 0.11458333333333333 0.877127659574468 0.017708333333333333 0.03297872340425532
0 0.11458333333333333 0.4664893617021277 0.017708333333333333 0.03297872340425532
0 0.11588541666666667 0.7122340425531914 0.0171875 0.03297872340425532
2 0.05234375 0.14095744680851063 0.0984375 0.04148936170212766
2 0.05234375 0.18829787234042553 0.0984375 0.0425531914893617
2 0.05234375 0.2351063829787234 0.0984375 0.0425531914893617
2 0.05234375 0.28936170212765955 0.0984375 0.0425531914893617
2 0.05234375 0.34893617021276596 0.0984375 0.0425531914893617
2 0.051041666666666666 0.4074468085106383 0.09791666666666667 0.0425531914893617
2 0.05 0.46382978723404256 0.09791666666666667 0.0425531914893617
5 0.05390625 0.5180851063829788 0.10364583333333334 0.0425531914893617
5 0.05390625 0.5627659574468085 0.10364583333333334 0.0425531914893617
5 0.05390625 0.6079787234042553 0.10364583333333334 0.04148936170212766
5 0.05390625 0.6595744680851063 0.10364583333333334 0.0425531914893617
2 0.051041666666666666 0.7138297872340426 0.09791666666666667 0.0425531914893617
2 0.053385416666666664 0.8202127659574469 0.0984375 0.0425531914893617
2 0.05234375 0.8787234042553191 0.0984375 0.0425531914893617
5 0.05520833333333333 0.7659574468085106 0.10416666666666667 0.0425531914893617
11 0.06458333333333334 0.5297872340425532 0.12916666666666668 0.9382978723404255
8 0.9208333333333333 0.15531914893617021 0.11666666666666667 0.04680851063829787
0 0.14401041666666667 0.0898936170212766 0.016145833333333335 0.035106382978723406
0 0.24661458333333333 0.09148936170212765 0.016145833333333335 0.03829787234042553
0 0.37734375 0.09095744680851064 0.018229166666666668 0.03297872340425532
0 0.2953125 0.08882978723404256 0.013541666666666667 0.03297872340425532
0 0.43854166666666666 0.08776595744680851 0.013541666666666667 0.039361702127659576
0 0.17005208333333333 0.0898936170212766 0.015104166666666667 0.035106382978723406
0 0.24505208333333334 0.1579787234042553 0.0171875 0.03297872340425532
0 0.7059895833333333 0.1574468085106383 0.0171875 0.03829787234042553
0 0.79140625 0.15425531914893617 0.015104166666666667 0.04042553191489362
0 0.21223958333333334 0.21968085106382979 0.008854166666666666 0.030851063829787233
0 0.3125 0.22234042553191488 0.009375 0.029787234042553193
0 0.41770833333333335 0.22234042553191488 0.009375 0.029787234042553193
0 0.4973958333333333 0.22234042553191488 0.009375 0.029787234042553193
0 0.6130208333333333 0.22234042553191488 0.009375 0.029787234042553193
0 0.7109375 0.22234042553191488 0.009375 0.029787234042553193
0 0.8427083333333333 0.21968085106382979 0.009375 0.030851063829787233
0 0.9489583333333333 0.21968085106382979 0.009375 0.030851063829787233
0 0.14791666666666667 0.22127659574468084 0.021875 0.0425531914893617
0 0.40963541666666664 0.22074468085106383 0.008854166666666666 0.03297872340425532
0 0.7778645833333333 0.3047872340425532 0.016145833333333335 0.039361702127659576
0 0.7778645833333333 0.35904255319148937 0.016145833333333335 0.039361702127659576
0 0.7778645833333333 0.41329787234042553 0.016145833333333335 0.039361702127659576
0 0.7778645833333333 0.4702127659574468 0.016145833333333335 0.04042553191489362
0 0.7778645833333333 0.5287234042553192 0.016145833333333335 0.04042553191489362
0 0.7768229166666667 0.5808510638297872 0.016145833333333335 0.04042553191489362
0 0.7768229166666667 0.6372340425531915 0.016145833333333335 0.04042553191489362
0 0.7768229166666667 0.6962765957446808 0.016145833333333335 0.039361702127659576
0 0.7768229166666667 0.8095744680851064 0.016145833333333335 0.04042553191489362
0 0.7768229166666667 0.8638297872340426 0.016145833333333335 0.04042553191489362
0 0.7768229166666667 0.7531914893617021 0.016145833333333335 0.04042553191489362
0 0.77578125 0.9159574468085107 0.016145833333333335 0.04042553191489362
0 0.8778645833333333 0.3058510638297872 0.015104166666666667 0.03723404255319149
0 0.8778645833333333 0.3601063829787234 0.015104166666666667 0.03723404255319149
0 0.87890625 0.41702127659574467 0.015104166666666667 0.03829787234042553
0 0.87890625 0.4734042553191489 0.015104166666666667 0.03829787234042553
0 0.8778645833333333 0.5276595744680851 0.015104166666666667 0.03829787234042553
0 0.8778645833333333 0.5845744680851064 0.015104166666666667 0.03723404255319149
0 0.8778645833333333 0.6388297872340426 0.015104166666666667 0.03723404255319149
0 0.8778645833333333 0.6952127659574469 0.015104166666666667 0.03723404255319149
0 0.87890625 0.7515957446808511 0.015104166666666667 0.03723404255319149
0 0.87890625 0.8037234042553192 0.015104166666666667 0.03723404255319149
0 0.8778645833333333 0.8627659574468085 0.015104166666666667 0.03829787234042553
0 0.87890625 0.9191489361702128 0.015104166666666667 0.03829787234042553
0 0.9247395833333333 0.9723404255319149 0.016145833333333335 0.036170212765957444
0 0.9770833333333333 0.9723404255319149 0.0125 0.036170212765957444
0 0.90546875 0.9723404255319149 0.0171875 0.036170212765957444
1 0.17473958333333334 0.973404255319149 0.058854166666666666 0.027659574468085105
1 0.9513020833333333 0.9744680851063829 0.027604166666666666 0.02553191489361702
4 0.19322916666666667 0.08882978723404256 0.07291666666666667 0.05638297872340425
4 0.2578125 0.0898936170212766 0.04479166666666667 0.05425531914893617
4 0.3229166666666667 0.08882978723404256 0.07604166666666666 0.05638297872340425
4 0.39453125 0.08882978723404256 0.059895833333333336 0.05638297872340425
4 0.4765625 0.0898936170212766 0.096875 0.05425531914893617
4 0.73359375 0.15585106382978722 0.08177083333333333 0.05425531914893617
4 0.81484375 0.15585106382978722 0.06927083333333334 0.05425531914893617
1 0.1890625 0.15531914893617021 0.08541666666666667 0.04680851063829787
1 0.20078125 0.47127659574468084 0.06927083333333334 0.0425531914893617
1 0.20130208333333333 0.4148936170212766 0.07239583333333334 0.0425531914893617
1 0.19453125 0.3627659574468085 0.058854166666666666 0.0425531914893617
1 0.19453125 0.30851063829787234 0.058854166666666666 0.0425531914893617
1 0.19088541666666667 0.5276595744680851 0.049479166666666664 0.0425531914893617
1 0.18802083333333333 0.5840425531914893 0.04375 0.0425531914893617
1 0.19140625 0.6409574468085106 0.050520833333333334 0.04148936170212766
1 0.18645833333333334 0.6952127659574469 0.042708333333333334 0.04148936170212766
1 0.18932291666666667 0.752127659574468 0.0484375 0.0425531914893617
1 0.18984375 0.8085106382978723 0.049479166666666664 0.0425531914893617
1 0.19296875 0.8627659574468085 0.058854166666666666 0.0425531914893617
1 0.18958333333333333 0.9191489361702128 0.052083333333333336 0.0425531914893617
1 0.27682291666666664 0.30851063829787234 0.025520833333333333 0.0425531914893617
1 0.27682291666666664 0.3627659574468085 0.025520833333333333 0.0425531914893617
1 0.27682291666666664 0.41914893617021276 0.025520833333333333 0.0425531914893617
1 0.27682291666666664 0.4787234042553192 0.025520833333333333 0.0425531914893617
1 0.27682291666666664 0.5867021276595744 0.025520833333333333 0.04148936170212766
1 0.27682291666666664 0.6436170212765957 0.025520833333333333 0.0425531914893617
1 0.27682291666666664 0.8648936170212767 0.025520833333333333 0.0425531914893617
1 0.27786458333333336 0.9191489361702128 0.025520833333333333 0.0425531914893617
1 0.38723958333333336 0.30851063829787234 0.04010416666666667 0.04680851063829787
1 0.47604166666666664 0.30638297872340425 0.019791666666666666 0.0425531914893617
1 0.47604166666666664 0.41702127659574467 0.019791666666666666 0.0425531914893617
1 0.47604166666666664 0.475531914893617 0.019791666666666666 0.0425531914893617
1 0.475 0.5276595744680851 0.019791666666666666 0.0425531914893617
1 0.475 0.5840425531914893 0.019791666666666666 0.0425531914893617
1 0.475 0.6409574468085106 0.019791666666666666 0.04148936170212766
1 0.475 0.6952127659574469 0.019791666666666666 0.04148936170212766
1 0.475 0.752127659574468 0.019791666666666666 0.0425531914893617
1 0.475 0.8063829787234043 0.019791666666666666 0.0425531914893617
1 0.475 0.9191489361702128 0.019791666666666666 0.0425531914893617
1 0.6046875 0.3074468085106383 0.07395833333333333 0.04468085106382979
1 0.8109375 0.3047872340425532 0.052083333333333336 0.039361702127659576
1 0.8119791666666667 0.3638297872340426 0.052083333333333336 0.04042553191489362
1 0.8119791666666667 0.41808510638297874 0.052083333333333336 0.04042553191489362
1 0.8109375 0.4723404255319149 0.052083333333333336 0.04042553191489362
1 0.8109375 0.5287234042553192 0.052083333333333336 0.04042553191489362
1 0.8119791666666667 0.5877659574468085 0.052083333333333336 0.039361702127659576
1 0.8098958333333334 0.6398936170212766 0.052083333333333336 0.039361702127659576
1 0.8109375 0.6962765957446808 0.052083333333333336 0.039361702127659576
1 0.8109375 0.750531914893617 0.052083333333333336 0.039361702127659576
1 0.8119791666666667 0.8095744680851064 0.052083333333333336 0.04042553191489362
1 0.8109375 0.8659574468085106 0.052083333333333336 0.04042553191489362
1 0.8109375 0.9202127659574468 0.052083333333333336 0.04042553191489362
1 0.9049479166666666 0.3058510638297872 0.03697916666666667 0.03723404255319149
1 0.9049479166666666 0.3601063829787234 0.03697916666666667 0.03723404255319149
1 0.9059895833333333 0.41702127659574467 0.03697916666666667 0.03829787234042553
1 0.9075520833333334 0.4734042553191489 0.03697916666666667 0.03829787234042553
1 0.9059895833333333 0.5276595744680851 0.03697916666666667 0.03829787234042553
1 0.9049479166666666 0.5845744680851064 0.03697916666666667 0.03723404255319149
1 0.9049479166666666 0.6388297872340426 0.03697916666666667 0.03723404255319149
1 0.9059895833333333 0.6952127659574469 0.03697916666666667 0.03723404255319149
1 0.9059895833333333 0.7515957446808511 0.03697916666666667 0.03723404255319149
1 0.9049479166666666 0.8058510638297872 0.03697916666666667 0.03723404255319149
1 0.9059895833333333 0.8648936170212767 0.03697916666666667 0.03829787234042553
1 0.9059895833333333 0.9191489361702128 0.03697916666666667 0.03829787234042553
1 0.27786458333333336 0.8106382978723404 0.025520833333333333 0.0425531914893617
1 0.27786458333333336 0.752127659574468 0.025520833333333333 0.0425531914893617
1 0.27682291666666664 0.6952127659574469 0.025520833333333333 0.04148936170212766
1 0.27786458333333336 0.5297872340425532 0.025520833333333333 0.0425531914893617
1 0.38723958333333336 0.3606382978723404 0.04010416666666667 0.04680851063829787
1 0.38723958333333336 0.4148936170212766 0.04010416666666667 0.04680851063829787
1 0.38723958333333336 0.47127659574468084 0.04010416666666667 0.04680851063829787
1 0.38723958333333336 0.5255319148936171 0.04010416666666667 0.04680851063829787
1 0.38723958333333336 0.5840425531914893 0.04010416666666667 0.04680851063829787
1 0.38723958333333336 0.6382978723404256 0.04010416666666667 0.04680851063829787
1 0.38723958333333336 0.6952127659574469 0.04010416666666667 0.047872340425531915
1 0.38723958333333336 0.749468085106383 0.04010416666666667 0.047872340425531915
1 0.38723958333333336 0.8063829787234043 0.04010416666666667 0.04680851063829787
1 0.3859375 0.8627659574468085 0.040625 0.04680851063829787
1 0.3859375 0.9191489361702128 0.040625 0.04680851063829787
1 0.475 0.3627659574468085 0.019791666666666666 0.0425531914893617
1 0.475 0.8627659574468085 0.019791666666666666 0.0425531914893617
1 0.6046875 0.3595744680851064 0.07395833333333333 0.04468085106382979
1 0.6046875 0.41382978723404257 0.07395833333333333 0.04468085106382979
1 0.6046875 0.4723404255319149 0.07395833333333333 0.04468085106382979
1 0.6059895833333333 0.5287234042553192 0.0734375 0.04468085106382979
1 0.6046875 0.5829787234042553 0.07395833333333333 0.04468085106382979
1 0.6059895833333333 0.6393617021276595 0.0734375 0.04468085106382979
1 0.6059895833333333 0.6968085106382979 0.0734375 0.04468085106382979
1 0.6046875 0.7531914893617021 0.07395833333333333 0.04468085106382979
1 0.6059895833333333 0.8074468085106383 0.0734375 0.04468085106382979
1 0.6059895833333333 0.8617021276595744 0.0734375 0.04468085106382979
1 0.6046875 0.9202127659574468 0.07395833333333333 0.04468085106382979
1 0.70625 0.30531914893617024 0.07395833333333333 0.04468085106382979
1 0.70625 0.3617021276595745 0.07395833333333333 0.04468085106382979
1 0.70625 0.41595744680851066 0.07395833333333333 0.04468085106382979
1 0.70625 0.4723404255319149 0.07395833333333333 0.04468085106382979
1 0.70625 0.5287234042553192 0.07395833333333333 0.04468085106382979
1 0.70625 0.5851063829787234 0.07395833333333333 0.04468085106382979
1 0.70625 0.6393617021276595 0.07395833333333333 0.04468085106382979
1 0.70625 0.6968085106382979 0.07395833333333333 0.04468085106382979
1 0.70625 0.7531914893617021 0.07395833333333333 0.04468085106382979
1 0.7078125 0.8074468085106383 0.07395833333333333 0.04468085106382979
1 0.70625 0.8638297872340426 0.07395833333333333 0.04468085106382979
1 0.7052083333333333 0.9180851063829787 0.07395833333333333 0.04468085106382979
13 0.5651041666666666 0.0925531914893617 0.8697916666666666 0.059574468085106386
7 0.19322916666666667 0.22127659574468084 0.05625 0.05106382978723404
7 0.29192708333333334 0.22127659574468084 0.0578125 0.05106382978723404
7 0.3958333333333333 0.21861702127659574 0.0625 0.052127659574468084
7 0.48515625 0.21861702127659574 0.03802083333333333 0.052127659574468084
7 0.5950520833333334 0.22127659574468084 0.0515625 0.05106382978723404
7 0.6921875 0.22127659574468084 0.052083333333333336 0.05106382978723404
7 0.8096354166666667 0.22127659574468084 0.0796875 0.05106382978723404
7 0.91484375 0.22127659574468084 0.08697916666666666 0.05106382978723404
15 0.5651041666666666 0.21861702127659574 0.8697916666666666 0.06063829787234042
3 0.56484375 0.30372340425531913 0.8692708333333333 0.05638297872340425
3 0.56484375 0.3601063829787234 0.8692708333333333 0.05638297872340425
3 0.56484375 0.41702127659574467 0.8692708333333333 0.0574468085106383
3 0.56484375 0.4723404255319149 0.8692708333333333 0.05319148936170213
3 0.56484375 0.5292553191489362 0.8692708333333333 0.05851063829787234
3 0.5651041666666666 0.5877659574468085 0.8697916666666666 0.05851063829787234
3 0.56484375 0.6420212765957447 0.8692708333333333 0.05
3 0.5651041666666666 0.6941489361702128 0.8697916666666666 0.05425531914893617
3 0.56484375 0.750531914893617 0.8692708333333333 0.05851063829787234
3 0.56484375 0.8069148936170213 0.8692708333333333 0.05425531914893617
3 0.56484375 0.8638297872340426 0.8692708333333333 0.059574468085106386
3 0.56484375 0.9207446808510639 0.8692708333333333 0.05425531914893617
12 0.5651041666666666 0.5606382978723404 0.8697916666666666 0.8723404255319149
