0 0.014721345951629864 0.03036876355748373 0.015772870662460567 0.03253796095444685
0 0.8898527865404837 0.02982646420824295 0.01629863301787592 0.03796095444685466
0 0.8583070452155626 0.03253796095444685 0.017350157728706624 0.03253796095444685
0 0.9213985278654049 0.03253796095444685 0.01840168243953733 0.03253796095444685
0 0.9842271293375394 0.03253796095444685 0.024185068349106203 0.052060737527114966
0 0.9518927444794952 0.03253796095444685 0.017350157728706624 0.03253796095444685
0 0.29258675078864355 0.03253796095444685 0.017350157728706624 0.03253796095444685
1 0.06887486855941115 0.03470715835140998 0.0694006309148265 0.03253796095444685
1 0.13301787592008413 0.033622559652928416 0.024185068349106203 0.03036876355748373
8 0.4327024185068349 0.03253796095444685 0.3028391167192429 0.04338394793926247
10 0.499211356466877 0.03036876355748373 0.998422712933754 0.06073752711496746
0 0.014195583596214511 0.09056399132321041 0.014721345951629864 0.03579175704989154
0 0.01288117770767613 0.8486984815618221 0.015247108307045216 0.04013015184381779
0 0.01288117770767613 0.7434924078091106 0.015247108307045216 0.04013015184381779
0 0.014195583596214511 0.6491323210412148 0.014721345951629864 0.04013015184381779
0 0.014195583596214511 0.601409978308026 0.014721345951629864 0.04013015184381779
0 0.01288117770767613 0.6957700650759219 0.015247108307045216 0.04013015184381779
0 0.10541535226077813 0.48156182212581344 0.017350157728706624 0.03253796095444685
0 0.10436382754994743 0.5455531453362256 0.017350157728706624 0.03253796095444685
0 0.10541535226077813 0.9642082429501084 0.017350157728706624 0.03253796095444685
0 0.10436382754994743 0.7928416485900217 0.017350157728706624 0.03253796095444685
0 0.10541535226077813 0.9056399132321041 0.017350157728706624 0.03253796095444685
2 0.04652996845425868 0.544468546637744 0.08675078864353312 0.05422993492407809
5 0.055205047318611984 0.6003253796095445 0.10410094637223975 0.04229934924078091
5 0.04889589905362776 0.6426247288503254 0.0914826498422713 0.04229934924078091
2 0.04652996845425868 0.7960954446854663 0.08675078864353312 0.04338394793926247
5 0.05099894847528917 0.6925162689804772 0.09568874868559411 0.04229934924078091
5 0.04889589905362776 0.7391540130151844 0.0914826498422713 0.04229934924078091
5 0.0473186119873817 0.8503253796095445 0.0946372239747634 0.04338394793926247
2 0.04652996845425868 0.9078091106290672 0.08675078864353312 0.05422993492407809
2 0.04652996845425868 0.9674620390455532 0.08675078864353312 0.04338394793926247
5 0.060988433228180865 0.23373101952277658 0.10620399579390116 0.04229934924078091
5 0.04258675078864353 0.28362255965292843 0.0694006309148265 0.04229934924078091
5 0.03548895899053628 0.324295010845987 0.055205047318611984 0.04338394793926247
5 0.051787592008412195 0.3747288503253796 0.08780231335436382 0.04229934924078091
5 0.06203995793901157 0.42190889370932755 0.10830704521556257 0.04338394793926247
2 0.04652996845425868 0.4793926247288503 0.08675078864353312 0.04338394793926247
5 0.060988433228180865 0.18383947939262474 0.10620399579390116 0.04229934924078091
5 0.060988433228180865 0.13828633405639915 0.10620399579390116 0.04229934924078091
11 0.06440588853838065 0.529826464208243 0.1288117770767613 0.938177874186551
1 0.2024185068349106 0.21529284164859003 0.0473186119873817 0.06399132321041215
1 0.8236067297581493 0.21637744034707157 0.04468980021030494 0.0509761388286334
1 0.8819663512092534 0.21637744034707157 0.057308096740273394 0.0509761388286334
1 0.945583596214511 0.21529284164859003 0.055205047318611984 0.0596529284164859
1 0.7752365930599369 0.21637744034707157 0.028916929547844375 0.046637744034707156
0 0.8945846477392219 0.7082429501084598 0.01629863301787592 0.03470715835140998
0 0.9458464773922187 0.7060737527114967 0.012618296529968454 0.03470715835140998
0 0.8756572029442692 0.7082429501084598 0.017350157728706624 0.03470715835140998
6 0.1916403785488959 0.29229934924078094 0.09936908517350158 0.04229934924078091
6 0.297055730809674 0.29229934924078094 0.09568874868559411 0.04229934924078091
6 0.37092534174553105 0.29229934924078094 0.04258675078864353 0.04229934924078091
6 0.4624079915878023 0.29229934924078094 0.12355415352260778 0.04229934924078091
9 0.18638275499474238 0.38015184381778744 0.07728706624605679 0.03579175704989154
14 0.564931650893796 0.2928416485900217 0.8690851735015773 0.05856832971800434
1 0.9200841219768665 0.7093275488069414 0.030494216614090432 0.03253796095444685
1 0.1861198738170347 0.7082429501084598 0.03785488958990536 0.03036876355748373
0 0.8183491062039958 0.38177874186550975 0.01840168243953733 0.03253796095444685
0 0.2213459516298633 0.43926247288503256 0.00946372239747634 0.03036876355748373
0 0.34279705573080965 0.4370932754880694 0.00946372239747634 0.03036876355748373
0 0.4166666666666667 0.4370932754880694 0.008937960042060988 0.03036876355748373
0 0.48580441640378547 0.4370932754880694 0.00946372239747634 0.03036876355748373
0 0.6393270241850684 0.43926247288503256 0.00946372239747634 0.03036876355748373
0 0.6787592008412198 0.4370932754880694 0.00946372239747634 0.03036876355748373
0 0.78732912723449 0.43926247288503256 0.008937960042060988 0.03036876355748373
0 0.8622502628811777 0.43926247288503256 0.00946372239747634 0.03036876355748373
0 0.9361198738170347 0.4370932754880694 0.008937960042060988 0.03036876355748373
0 0.6301261829652997 0.43926247288503256 0.008937960042060988 0.03036876355748373
0 0.5654574132492114 0.43926247288503256 0.008937960042060988 0.03036876355748373
0 0.8853838065194533 0.37906724511930584 0.01892744479495268 0.033622559652928416
1 0.5601997896950578 0.5450108459869848 0.07518401682439538 0.04013015184381779
7 0.20872765509989485 0.43980477223427333 0.03890641430073607 0.04013015184381779
7 0.3062565720294427 0.43980477223427333 0.08675078864353312 0.04013015184381779
7 0.39143007360672977 0.43980477223427333 0.06466876971608833 0.04013015184381779
7 0.463459516298633 0.43980477223427333 0.061514195583596214 0.04013015184381779
7 0.5402208201892744 0.43980477223427333 0.06466876971608833 0.04013015184381779
7 0.6140904311251314 0.43980477223427333 0.06729758149316509 0.04013015184381779
7 0.6706098843322819 0.43980477223427333 0.03207150368033649 0.04013015184381779
7 0.7613038906414301 0.43980477223427333 0.0683491062039958 0.04013015184381779
7 0.8370136698212408 0.43980477223427333 0.06729758149316509 0.04013015184381779
7 0.9100946372239748 0.43980477223427333 0.0683491062039958 0.04013015184381779
4 0.8351735015772871 0.38015184381778744 0.061514195583596214 0.044468546637744036
4 0.919558359621451 0.38015184381778744 0.0914826498422713 0.044468546637744036
15 0.5609884332281808 0.4370932754880694 0.8380651945320715 0.05856832971800434
0 0.15851735015772872 0.21637744034707157 0.031019978969505785 0.07049891540130152
0 0.1995268138801262 0.0938177874186551 0.01629863301787592 0.03796095444685466
0 0.1440588853838065 0.09490238611713665 0.015772870662460567 0.03579175704989154
0 0.27681388012618297 0.09164859002169197 0.01840168243953733 0.033622559652928416
0 0.9876445846477392 0.09164859002169197 0.017350157728706624 0.033622559652928416
0 0.9442691903259727 0.08947939262472886 0.015772870662460567 0.03796095444685466
0 0.14274447949526814 0.14099783080260303 0.01629863301787592 0.0368763557483731
0 0.3351735015772871 0.09164859002169197 0.017350157728706624 0.03796095444685466
0 0.39563617245005256 0.09164859002169197 0.01629863301787592 0.03796095444685466
0 0.17218717139852788 0.0938177874186551 0.017350157728706624 0.033622559652928416
0 0.48291272344900105 0.08893709327548807 0.017350157728706624 0.03253796095444685
1 0.24263932702418506 0.1399132321041215 0.18138801261829654 0.03036876355748373
4 0.23764458464773922 0.0938177874186551 0.04416403785488959 0.0509761388286334
4 0.2917981072555205 0.09490238611713665 0.05573080967402734 0.04880694143167028
4 0.34936908517350157 0.09002169197396963 0.05310199789695058 0.049891540130151846
4 0.42981072555205047 0.09273318872017354 0.08885383806519453 0.04880694143167028
4 0.9558359621451105 0.09164859002169197 0.046267087276550996 0.046637744034707156
13 0.5651945320715037 0.09273318872017354 0.8696109358569927 0.0596529284164859
0 0.2279179810725552 0.09164859002169197 0.017350157728706624 0.033622559652928416
12 0.564931650893796 0.5580260303687635 0.8690851735015773 0.8774403470715835
