0 0.01484375 0.03031914893617021 0.016145833333333335 0.03297872340425532
0 0.88984375 0.03031914893617021 0.016145833333333335 0.03723404255319149
0 0.8583333333333333 0.032446808510638296 0.017708333333333333 0.03297872340425532
0 0.92109375 0.032446808510638296 0.018229166666666668 0.03297872340425532
0 0.9841145833333333 0.032446808510638296 0.024479166666666666 0.052127659574468084
0 0.9518229166666666 0.032446808510638296 0.0171875 0.03297872340425532
0 0.29244791666666664 0.032446808510638296 0.0171875 0.03297872340425532
1 0.06901041666666667 0.034574468085106384 0.06927083333333334 0.03297872340425532
1 0.13307291666666668 0.03351063829787234 0.024479166666666666 0.030851063829787233
8 0.43255208333333334 0.032446808510638296 0.3026041666666667 0.04148936170212766
10 0.49921875 0.03031914893617021 0.9984375 0.06063829787234042
0 0.014322916666666666 0.0898936170212766 0.015104166666666667 0.035106382978723406
0 0.013541666666666667 0.14095744680851063 0.013541666666666667 0.03297872340425532
0 0.014322916666666666 0.18936170212765957 0.015104166666666667 0.036170212765957444
0 0.013020833333333334 0.23563829787234042 0.0125 0.03297872340425532
0 0.013541666666666667 0.6090425531914894 0.013541666666666667 0.039361702127659576
0 0.013020833333333334 0.6595744680851063 0.017708333333333333 0.0425531914893617
0 0.014322916666666666 0.7648936170212766 0.015104166666666667 0.04042553191489362
0 0.013802083333333333 0.5627659574468085 0.016145833333333335 0.0425531914893617
0 0.013802083333333333 0.5175531914893617 0.016145833333333335 0.035106382978723406
0 0.11458333333333333 0.18776595744680852 0.017708333333333333 0.03297872340425532
0 0.11458333333333333 0.2845744680851064 0.017708333333333333 0.03297872340425532
0 0.11458333333333333 0.23297872340425532 0.017708333333333333 0.03404255319148936
0 0.11588541666666667 0.34627659574468084 0.0171875 0.03297872340425532
0 0.11588541666666667 0.4047872340425532 0.0171875 0.03297872340425532
0 0.11588541666666667 0.8175531914893617 0.0171875 0.03297872340425532
0 0.11458333333333333 0.877127659574468 0.017708333333333333 0.03297872340425532
0 0.11458333333333333 0.4664893617021277 0.017708333333333333 0.03297872340425532
0 0.11588541666666667 0.7122340425531914 0.0171875 0.03297872340425532
2 0.05234375 0.14095744680851063 0.0984375 0.04148936170212766
2 0.05234375 0.18829787234042553 0.0984375 0.0425531914893617
2 0.05234375 0.2351063829787234 0.0984375 0.0425531914893617
2 0.05234375 0.28936170212765955 0.0984375 0.0425531914893617
2 0.05234375 0.34893617021276596 0.0984375 0.0425531914893617
2 0.051041666666666666 0.4074468085106383 0.09791666666666667 0.0425531914893617
2 0.05 0.46382978723404256 0.09791666666666667 0.0425531914893617
5 0.05390625 0.5180851063829788 0.10364583333333334 0.0425531914893617
5 0.05390625 0.5627659574468085 0.10364583333333334 0.0425531914893617
5 0.05390625 0.6079787234042553 0.10364583333333334 0.04148936170212766
5 0.05390625 0.6595744680851063 0.10364583333333334 0.0425531914893617
2 0.051041666666666666 0.7138297872340426 0.09791666666666667 0.0425531914893617
2 0.053385416666666664 0.8202127659574469 0.0984375 0.0425531914893617
2 0.05234375 0.8787234042553191 0.0984375 0.0425531914893617
5 0.05520833333333333 0.7659574468085106 0.10416666666666667 0.0425531914893617
11 0.06458333333333334 0.5297872340425532 0.12916666666666668 0.9382978723404255
0 0.22630208333333332 0.08882978723404256 0.016145833333333335 0.03723404255319149
0 0.14401041666666667 0.0898936170212766 0.016145833333333335 0.035106382978723406
0 0.2734375 0.09095744680851064 0.01875 0.03297872340425532
0 0.98515625 0.08882978723404256 0.0171875 0.03297872340425532
0 0.94453125 0.08882978723404256 0.016145833333333335 0.03723404255319149
0 0.14296875 0.14095744680851063 0.016145833333333335 0.03723404255319149
0 0.33307291666666666 0.08882978723404256 0.0171875 0.03723404255319149
0 0.39140625 0.08882978723404256 0.016145833333333335 0.03723404255319149
0 0.47942708333333334 0.08882978723404256 0.0171875 0.03297872340425532
0 0.19765625 0.08882978723404256 0.0171875 0.03297872340425532
0 0.17057291666666666 0.09148936170212765 0.018229166666666668 0.0425531914893617
1 0.24270833333333333 0.1398936170212766 0.18125 0.030851063829787233
1 0.19557291666666668 0.23138297872340424 0.0359375 0.030851063829787233
1 0.8184895833333333 0.21436170212765956 0.044270833333333336 0.052127659574468084
1 0.8822916666666667 0.21170212765957447 0.06354166666666666 0.05106382978723404
1 0.95234375 0.2127659574468085 0.05572916666666667 0.059574468085106386
1 0.7716145833333333 0.21648936170212765 0.028645833333333332 0.047872340425531915
6 0.19140625 0.2851063829787234 0.09947916666666666 0.0425531914893617
6 0.296875 0.2851063829787234 0.09583333333333334 0.0425531914893617
6 0.37083333333333335 0.2851063829787234 0.042708333333333334 0.0425531914893617
6 0.4622395833333333 0.2851063829787234 0.1234375 0.0425531914893617
14 0.56484375 0.28617021276595744 0.8692708333333333 0.059574468085106386
4 0.23645833333333333 0.09148936170212765 0.04375 0.05106382978723404
4 0.28958333333333336 0.09148936170212765 0.05520833333333333 0.05106382978723404
4 0.34791666666666665 0.09042553191489362 0.05416666666666667 0.04893617021276596
4 0.42473958333333334 0.09042553191489362 0.08802083333333334 0.04893617021276596
4 0.9552083333333333 0.09042553191489362 0.04479166666666667 0.04893617021276596
13 0.5643229166666667 0.08882978723404256 0.8703125 0.05638297872340425
9 0.16536458333333334 0.41117021276595744 0.0359375 0.039361702127659576
9 0.17526041666666667 0.7957446808510639 0.05572916666666667 0.04042553191489362
1 0.17005208333333333 0.19840425531914893 0.049479166666666664 0.030851063829787233
9 0.18203125 0.9702127659574468 0.06927083333333334 0.04042553191489362
1 0.63359375 0.3824468085106383 0.1015625 0.05851063829787234
1 0.6260416666666667 0.45478723404255317 0.08645833333333333 0.03723404255319149
1 0.63359375 0.526595744680851 0.1015625 0.059574468085106386
1 0.6088541666666667 0.6808510638297872 0.052083333333333336 0.03829787234042553
1 0.61796875 0.7473404255319149 0.0703125 0.03723404255319149
1 0.6065104166666667 0.8154255319148936 0.04739583333333333 0.03723404255319149
1 0.6158854166666666 0.8888297872340426 0.06614583333333333 0.03723404255319149
1 0.61640625 0.9569148936170213 0.0671875 0.03723404255319149
1 0.7052083333333333 0.3861702127659574 0.022916666666666665 0.03829787234042553
1 0.7052083333333333 0.4595744680851064 0.022916666666666665 0.03829787234042553
1 0.7052083333333333 0.5276595744680851 0.022916666666666665 0.03829787234042553
1 0.753125 0.6175531914893617 0.084375 0.03723404255319149
1 0.78125 0.749468085106383 0.13854166666666667 0.03723404255319149
1 0.7052083333333333 0.6882978723404255 0.022916666666666665 0.03829787234042553
1 0.74921875 0.8202127659574469 0.0765625 0.03829787234042553
1 0.7432291666666667 0.8861702127659574 0.0625 0.03829787234042553
3 0.771875 0.3803191489361702 0.41458333333333336 0.08191489361702127
3 0.771875 0.5292553191489362 0.41458333333333336 0.07765957446808511
3 0.771875 0.6069148936170212 0.41458333333333336 0.07765957446808511
3 0.771875 0.6787234042553192 0.41458333333333336 0.06595744680851064
3 0.771875 0.7446808510638298 0.41458333333333336 0.06595744680851064
3 0.771875 0.8143617021276596 0.41458333333333336 0.07340425531914893
3 0.771875 0.8840425531914894 0.41458333333333336 0.06595744680851064
3 0.771875 0.95 0.41458333333333336 0.06595744680851064
0 0.70234375 0.6148936170212767 0.015104166666666667 0.027659574468085105
0 0.7033854166666667 0.749468085106383 0.0171875 0.03297872340425532
0 0.7033854166666667 0.8202127659574469 0.0171875 0.03404255319148936
0 0.7046875 0.8851063829787233 0.014583333333333334 0.04042553191489362
0 0.70234375 0.9558510638297872 0.015104166666666667 0.039361702127659576
0 0.9565104166666667 0.3803191489361702 0.0171875 0.035106382978723406
0 0.95546875 0.523936170212766 0.0171875 0.035106382978723406
1 0.7364583333333333 0.9569148936170213 0.053125 0.03723404255319149
3 0.771875 0.45585106382978724 0.41458333333333336 0.06914893617021277
1 0.6174479166666667 0.6148936170212767 0.06927083333333334 0.03829787234042553
1 0.18333333333333332 0.4898936170212766 0.04583333333333333 0.03723404255319149
1 0.1875 0.551595744680851 0.05416666666666667 0.03723404255319149
1 0.19661458333333334 0.6265957446808511 0.07239583333333334 0.03829787234042553
1 0.20416666666666666 0.6973404255319149 0.0875 0.03723404255319149
1 0.2791666666666667 0.49361702127659574 0.022916666666666665 0.036170212765957444
1 0.278125 0.5622340425531915 0.022916666666666665 0.035106382978723406
1 0.2838541666666667 0.6351063829787233 0.022916666666666665 0.036170212765957444
1 0.2833333333333333 0.7074468085106383 0.021875 0.0425531914893617
1 0.17708333333333334 0.8675531914893617 0.023958333333333335 0.03723404255319149
3 0.346875 0.48723404255319147 0.41458333333333336 0.06595744680851064
3 0.346875 0.5537234042553192 0.41458333333333336 0.06702127659574468
3 0.346875 0.627127659574468 0.41458333333333336 0.0797872340425532
3 0.346875 0.7069148936170213 0.41458333333333336 0.0797872340425532
3 0.34791666666666665 0.8648936170212767 0.41458333333333336 0.06595744680851064
1 0.1890625 0.32659574468085106 0.053125 0.02127659574468085
1 0.278125 0.326063829787234 0.020833333333333332 0.015957446808510637
3 0.3484375 0.32872340425531915 0.41354166666666664 0.02553191489361702
12 0.5645833333333333 0.5595744680851064 0.8708333333333333 0.8787234042553191
