0 0.014721345951629864 0.03036876355748373 0.015772870662460567 0.03253796095444685
0 0.8898527865404837 0.02982646420824295 0.01629863301787592 0.03796095444685466
0 0.8583070452155626 0.03253796095444685 0.017350157728706624 0.03253796095444685
0 0.9213985278654049 0.03253796095444685 0.01840168243953733 0.03253796095444685
0 0.9842271293375394 0.03253796095444685 0.024185068349106203 0.052060737527114966
0 0.9518927444794952 0.03253796095444685 0.017350157728706624 0.03253796095444685
0 0.29258675078864355 0.03253796095444685 0.017350157728706624 0.03253796095444685
1 0.06887486855941115 0.03470715835140998 0.0694006309148265 0.03253796095444685
1 0.13301787592008413 0.033622559652928416 0.024185068349106203 0.03036876355748373
8 0.4327024185068349 0.03253796095444685 0.3028391167192429 0.04338394793926247
10 0.499211356466877 0.03036876355748373 0.998422712933754 0.06073752711496746
0 0.014195583596214511 0.13177874186550975 0.012618296529968454 0.033622559652928416
0 0.014195583596214511 0.17678958785249457 0.012618296529968454 0.03253796095444685
0 0.014195583596214511 0.2239696312364425 0.012618296529968454 0.033622559652928416
0 0.014195583596214511 0.09056399132321041 0.014721345951629864 0.03579175704989154
0 0.10541535226077813 0.2787418655097614 0.017350157728706624 0.03253796095444685
0 0.10541535226077813 0.3378524945770065 0.017350157728706624 0.033622559652928416
5 0.05441640378548896 0.13177874186550975 0.09831756046267087 0.04229934924078091
5 0.04758149316508938 0.17950108459869848 0.08675078864353312 0.04229934924078091
5 0.057308096740273394 0.2239696312364425 0.10620399579390116 0.04229934924078091
2 0.04758149316508938 0.34436008676789587 0.08675078864353312 0.04229934924078091
2 0.04758149316508938 0.28524945770065074 0.08675078864353312 0.04338394793926247
5 0.05967402733964248 0.39316702819956617 0.10883280757097792 0.04229934924078091
5 0.05967402733964248 0.4408893709327549 0.10883280757097792 0.04229934924078091
5 0.05967402733964248 0.4886117136659436 0.10883280757097792 0.04229934924078091
5 0.06072555205047318 0.5385032537960954 0.11093585699263933 0.04229934924078091
5 0.049158780231335436 0.5883947939262473 0.08780231335436382 0.04229934924078091
5 0.050473186119873815 0.636117136659436 0.0904311251314406 0.04229934924078091
5 0.049947423764458466 0.68058568329718 0.08937960042060988 0.04013015184381779
5 0.053890641430073605 0.7266811279826464 0.09726603575184017 0.04338394793926247
5 0.05441640378548896 0.7716919739696312 0.09831756046267087 0.04229934924078091
5 0.05967402733964248 0.81941431670282 0.10883280757097792 0.04229934924078091
5 0.05967402733964248 0.8693058568329718 0.10883280757097792 0.04229934924078091
5 0.05967402733964248 0.9191973969631236 0.10883280757097792 0.04229934924078091
5 0.05967402733964248 0.9669197396963124 0.10883280757097792 0.04229934924078091
11 0.06440588853838065 0.529826464208243 0.1288117770767613 0.938177874186551
0 0.22844374342797055 0.09164859002169197 0.01629863301787592 0.03796095444685466
0 0.1440588853838065 0.09056399132321041 0.015772870662460567 0.03579175704989154
0 0.27576235541535227 0.0938177874186551 0.01840168243953733 0.033622559652928416
0 0.9855415352260778 0.08893709327548807 0.017350157728706624 0.03253796095444685
0 0.9442691903259727 0.08947939262472886 0.015772870662460567 0.03796095444685466
0 0.14274447949526814 0.14099783080260303 0.01629863301787592 0.0368763557483731
0 0.3351735015772871 0.09164859002169197 0.017350157728706624 0.03796095444685466
0 0.39563617245005256 0.09164859002169197 0.01629863301787592 0.03796095444685466
0 0.48291272344900105 0.09164859002169197 0.017350157728706624 0.033622559652928416
0 0.20005257623554154 0.09164859002169197 0.017350157728706624 0.033622559652928416
0 0.1706098843322818 0.09164859002169197 0.01840168243953733 0.04229934924078091
1 0.24263932702418506 0.1399132321041215 0.18138801261829654 0.03036876355748373
1 0.20425867507886436 0.21529284164859003 0.05310199789695058 0.06399132321041215
1 0.8220294426919033 0.21637744034707157 0.04363827549947424 0.0509761388286334
1 0.8819663512092534 0.21691973969631237 0.057308096740273394 0.052060737527114966
1 0.9466351209253417 0.21258134490238612 0.055205047318611984 0.05856832971800434
1 0.7752365930599369 0.21637744034707157 0.028916929547844375 0.046637744034707156
6 0.1916403785488959 0.28470715835141 0.09936908517350158 0.04229934924078091
6 0.297055730809674 0.28470715835141 0.09568874868559411 0.04229934924078091
6 0.37092534174553105 0.28470715835141 0.04258675078864353 0.04229934924078091
6 0.4624079915878023 0.28470715835141 0.12355415352260778 0.04229934924078091
14 0.564931650893796 0.28633405639913234 0.8690851735015773 0.05856832971800434
4 0.2386961093585699 0.0938177874186551 0.04416403785488959 0.0509761388286334
4 0.2917981072555205 0.0938177874186551 0.05573080967402734 0.0509761388286334
4 0.3501577287066246 0.09273318872017354 0.054679284963196635 0.04880694143167028
4 0.4292849631966351 0.09273318872017354 0.08780231335436382 0.04880694143167028
4 0.955310199789695 0.09002169197396963 0.0452155625657203 0.049891540130151846
13 0.5644058885383807 0.09164859002169197 0.8711882229232387 0.06182212581344902
9 0.16561514195583596 0.470173535791757 0.035751840168243953 0.04013015184381779
9 0.17534174553101997 0.8552060737527115 0.055205047318611984 0.04013015184381779
1 0.6348580441640379 0.4300433839479393 0.10147213459516298 0.06399132321041215
1 0.6274973711882229 0.504880694143167 0.08675078864353312 0.03796095444685466
1 0.6348580441640379 0.5764642082429501 0.10147213459516298 0.0596529284164859
1 0.6101472134595163 0.7310195227765727 0.052050473186119876 0.0368763557483731
1 0.619348054679285 0.797180043383948 0.07045215562565721 0.0368763557483731
1 0.6067297581493165 0.8725596529284165 0.0473186119873817 0.03796095444685466
1 0.6169821240799159 0.9457700650759219 0.06572029442691903 0.0368763557483731
1 0.7076761303890642 0.4311279826464208 0.023133543638275498 0.03796095444685466
1 0.7066246056782335 0.5092190889370932 0.023133543638275498 0.03796095444685466
1 0.7066246056782335 0.5775488069414316 0.023133543638275498 0.03796095444685466
1 0.7429022082018928 0.6675704989154013 0.060988433228180865 0.03796095444685466
1 0.7983701366982124 0.8020607375271149 0.16982124079915878 0.03796095444685466
1 0.7066246056782335 0.7380694143167028 0.023133543638275498 0.03796095444685466
1 0.7505257623554153 0.8747288503253796 0.07623554153522608 0.03796095444685466
1 0.7092534174553102 0.9457700650759219 0.026288117770767613 0.0368763557483731
3 0.7728706624605678 0.43058568329718006 0.41430073606729756 0.0824295010845987
3 0.7728706624605678 0.579175704989154 0.41430073606729756 0.07809110629067245
3 0.7728706624605678 0.6567245119305857 0.41430073606729756 0.0770065075921909
3 0.7728706624605678 0.7283080260303688 0.41430073606729756 0.06616052060737528
3 0.7728706624605678 0.794468546637744 0.41430073606729756 0.06616052060737528
3 0.7728706624605678 0.8644251626898047 0.41430073606729756 0.0737527114967462
3 0.7728706624605678 0.9387201735357917 0.41430073606729756 0.07483731019522777
0 0.7034700315457413 0.6648590021691974 0.014721345951629864 0.028199566160520606
0 0.7047844374342797 0.8042299349240781 0.017350157728706624 0.033622559652928416
0 0.7047844374342797 0.8703904555314533 0.017350157728706624 0.033622559652928416
0 0.9566246056782335 0.42787418655097614 0.017350157728706624 0.03579175704989154
0 0.9566246056782335 0.574295010845987 0.017350157728706624 0.03579175704989154
3 0.7728706624605678 0.5059652928416486 0.41430073606729756 0.06832971800433839
1 0.6188222923238696 0.6654013015184381 0.0694006309148265 0.03796095444685466
1 0.18349106203995794 0.5493492407809111 0.046267087276550996 0.03796095444685466
1 0.18743427970557308 0.6111713665943601 0.054153522607781286 0.03796095444685466
1 0.19663512092534174 0.6860086767895879 0.07255520504731862 0.03796095444685466
1 0.20425867507886436 0.7570498915401301 0.08780231335436382 0.0368763557483731
1 0.27917981072555204 0.5531453362255966 0.023133543638275498 0.03470715835140998
1 0.27812828601472134 0.6214750542299349 0.023133543638275498 0.03470715835140998
1 0.28391167192429023 0.6946854663774403 0.023133543638275498 0.03579175704989154
1 0.2833859095688749 0.7662689804772235 0.022082018927444796 0.04229934924078091
1 0.17718191377497372 0.9267895878524945 0.024185068349106203 0.03796095444685466
3 0.3467402733964248 0.547180043383948 0.4148264984227129 0.06616052060737528
3 0.3467402733964248 0.6133405639913232 0.4148264984227129 0.06616052060737528
3 0.3467402733964248 0.6865509761388287 0.4148264984227129 0.08026030368763558
3 0.3467402733964248 0.7668112798264642 0.4148264984227129 0.08026030368763558
0 0.157465825446898 0.21203904555314534 0.031019978969505785 0.07049891540130152
3 0.3477917981072555 0.9289587852494577 0.4148264984227129 0.06616052060737528
1 0.2807570977917981 0.3747288503253796 0.024185068349106203 0.03796095444685466
1 0.18690851735015773 0.36713665943600865 0.055205047318611984 0.03796095444685466
3 0.3477917981072555 0.3693058568329718 0.4148264984227129 0.06616052060737528
0 0.9566246056782335 0.35195227765726683 0.017350157728706624 0.03579175704989154
1 0.6159305993690851 0.3552060737527115 0.06572029442691903 0.04229934924078091
1 0.7087276550998949 0.3530368763557484 0.023133543638275498 0.03796095444685466
3 0.7728706624605678 0.3541214750542299 0.41430073606729756 0.06832971800433839
12 0.5644058885383807 0.5601952277657267 0.8711882229232387 0.8796095444685467
