0 0.01484375 0.03031914893617021 0.016145833333333335 0.03297872340425532
0 0.88984375 0.03031914893617021 0.016145833333333335 0.03723404255319149
0 0.8583333333333333 0.032446808510638296 0.017708333333333333 0.03297872340425532
0 0.92109375 0.032446808510638296 0.018229166666666668 0.03297872340425532
0 0.9841145833333333 0.032446808510638296 0.024479166666666666 0.052127659574468084
0 0.9518229166666666 0.032446808510638296 0.0171875 0.03297872340425532
0 0.29244791666666664 0.032446808510638296 0.0171875 0.03297872340425532
1 0.06901041666666667 0.034574468085106384 0.06927083333333334 0.03297872340425532
8 0.43255208333333334 0.032446808510638296 0.3026041666666667 0.04148936170212766
10 0.49921875 0.03031914893617021 0.9984375 0.06063829787234042
0 0.014322916666666666 0.0898936170212766 0.015104166666666667 0.035106382978723406
0 0.013541666666666667 0.14095744680851063 0.013541666666666667 0.03297872340425532
0 0.014322916666666666 0.18936170212765957 0.015104166666666667 0.036170212765957444
0 0.013020833333333334 0.23563829787234042 0.0125 0.03297872340425532
0 0.014322916666666666 0.6398936170212766 0.015104166666666667 0.035106382978723406
0 0.11458333333333333 0.18776595744680852 0.017708333333333333 0.03297872340425532
0 0.11458333333333333 0.23563829787234042 0.017708333333333333 0.03297872340425532
0 0.11458333333333333 0.2845744680851064 0.017708333333333333 0.03297872340425532
0 0.11588541666666667 0.34627659574468084 0.0171875 0.03297872340425532
0 0.11588541666666667 0.4664893617021277 0.0171875 0.03297872340425532
0 0.11588541666666667 0.525 0.0171875 0.03297872340425532
0 0.11458333333333333 0.40797872340425534 0.017708333333333333 0.03297872340425532
0 0.11458333333333333 0.5867021276595744 0.017708333333333333 0.03297872340425532
0 0.11458333333333333 0.6909574468085107 0.017708333333333333 0.03297872340425532
2 0.05234375 0.14095744680851063 0.0984375 0.04148936170212766
2 0.05234375 0.18829787234042553 0.0984375 0.0425531914893617
2 0.05234375 0.2351063829787234 0.0984375 0.0425531914893617
2 0.05234375 0.28936170212765955 0.0984375 0.0425531914893617
2 0.053385416666666664 0.5867021276595744 0.10052083333333334 0.04148936170212766
2 0.05234375 0.4074468085106383 0.0984375 0.0425531914893617
2 0.05234375 0.4664893617021277 0.0984375 0.04148936170212766
2 0.05234375 0.5276595744680851 0.0984375 0.0425531914893617
5 0.05286458333333333 0.6382978723404256 0.10572916666666667 0.0425531914893617
2 0.05234375 0.6904255319148936 0.0984375 0.0425531914893617
11 0.06458333333333334 0.5297872340425532 0.12916666666666668 0.9382978723404255
0 0.22630208333333332 0.08882978723404256 0.016145833333333335 0.03723404255319149
0 0.14401041666666667 0.0898936170212766 0.016145833333333335 0.035106382978723406
0 0.98515625 0.08882978723404256 0.0171875 0.03297872340425532
0 0.94453125 0.08882978723404256 0.016145833333333335 0.03723404255319149
0 0.14296875 0.14095744680851063 0.016145833333333335 0.03723404255319149
0 0.33619791666666665 0.09148936170212765 0.0171875 0.03829787234042553
0 0.3854166666666667 0.08882978723404256 0.016666666666666666 0.03723404255319149
0 0.50390625 0.09095744680851064 0.0171875 0.03297872340425532
0 0.19765625 0.08882978723404256 0.0171875 0.03297872340425532
0 0.17057291666666666 0.09148936170212765 0.018229166666666668 0.0425531914893617
0 0.7013020833333333 0.08882978723404256 0.0171875 0.03297872340425532
0 0.5638020833333334 0.09095744680851064 0.0171875 0.03297872340425532
0 0.6481770833333333 0.08776595744680851 0.015104166666666667 0.035106382978723406
4 0.2671875 0.09042553191489362 0.10729166666666666 0.04893617021276596
4 0.3463541666666667 0.09042553191489362 0.04375 0.04893617021276596
4 0.43046875 0.09042553191489362 0.11302083333333333 0.04893617021276596
4 0.51875 0.09042553191489362 0.05416666666666667 0.04893617021276596
4 0.5908854166666667 0.09042553191489362 0.0765625 0.04893617021276596
4 0.6635416666666667 0.09148936170212765 0.053125 0.05106382978723404
4 0.9557291666666666 0.09148936170212765 0.04375 0.05106382978723404
1 0.24270833333333333 0.1398936170212766 0.18125 0.030851063829787233
1 0.16536458333333334 0.19893617021276597 0.049479166666666664 0.04468085106382979
1 0.20807291666666666 0.19893617021276597 0.0359375 0.04468085106382979
1 0.15859375 0.23563829787234042 0.0359375 0.02872340425531915
6 0.19140625 0.2824468085106383 0.10364583333333334 0.052127659574468084
6 0.28854166666666664 0.2824468085106383 0.07604166666666666 0.052127659574468084
6 0.3692708333333333 0.2824468085106383 0.07395833333333333 0.052127659574468084
6 0.44192708333333336 0.2824468085106383 0.059895833333333336 0.052127659574468084
6 0.5036458333333333 0.2824468085106383 0.05416666666666667 0.052127659574468084
14 0.5645833333333333 0.2824468085106383 0.8708333333333333 0.06063829787234042
13 0.5645833333333333 0.09148936170212765 0.8708333333333333 0.0574468085106383
0 0.6736979166666667 0.3537234042553192 0.0171875 0.03297872340425532
1 0.18515625 0.3558510638297872 0.04739583333333333 0.03723404255319149
1 0.20182291666666666 0.4218085106382979 0.08072916666666667 0.03723404255319149
1 0.30130208333333336 0.3579787234042553 0.0578125 0.03723404255319149
1 0.28151041666666665 0.42872340425531913 0.0234375 0.03829787234042553
3 0.41770833333333335 0.3579787234042553 0.5541666666666667 0.06063829787234042
3 0.41770833333333335 0.4228723404255319 0.5541666666666667 0.06914893617021277
9 0.18515625 0.5207446808510638 0.07239583333333334 0.047872340425531915
9 0.1828125 0.601063829787234 0.065625 0.0425531914893617
1 0.1765625 0.6718085106382978 0.022916666666666665 0.03723404255319149
3 0.4171875 0.6728723404255319 0.553125 0.05851063829787234
12 0.5645833333333333 0.5601063829787234 0.8708333333333333 0.8797872340425532
