0 0.01484375 0.03031914893617021 0.016145833333333335 0.03297872340425532
0 0.88984375 0.03031914893617021 0.016145833333333335 0.03723404255319149
0 0.8583333333333333 0.032446808510638296 0.017708333333333333 0.03297872340425532
0 0.92109375 0.032446808510638296 0.018229166666666668 0.03297872340425532
0 0.9841145833333333 0.032446808510638296 0.024479166666666666 0.052127659574468084
0 0.9518229166666666 0.032446808510638296 0.0171875 0.03297872340425532
0 0.29244791666666664 0.032446808510638296 0.0171875 0.03297872340425532
1 0.06901041666666667 0.034574468085106384 0.06927083333333334 0.03297872340425532
1 0.13307291666666668 0.03351063829787234 0.024479166666666666 0.030851063829787233
8 0.43255208333333334 0.032446808510638296 0.3026041666666667 0.04148936170212766
10 0.49921875 0.03031914893617021 0.9984375 0.06063829787234042
0 0.014322916666666666 0.0898936170212766 0.015104166666666667 0.035106382978723406
0 0.013541666666666667 0.14095744680851063 0.013541666666666667 0.03297872340425532
0 0.014322916666666666 0.18936170212765957 0.015104166666666667 0.036170212765957444
0 0.013020833333333334 0.23563829787234042 0.0125 0.03297872340425532
0 0.013020833333333334 0.34095744680851064 0.0125 0.03297872340425532
0 0.0140625 0.38670212765957446 0.0125 0.03297872340425532
0 0.013020833333333334 0.43138297872340425 0.0125 0.03297872340425532
0 0.013020833333333334 0.9792553191489362 0.014583333333333334 0.035106382978723406
0 0.013020833333333334 0.9324468085106383 0.014583333333333334 0.035106382978723406
0 0.014322916666666666 0.7223404255319149 0.015104166666666667 0.04042553191489362
0 0.013020833333333334 0.8308510638297872 0.014583333333333334 0.036170212765957444
0 0.103125 0.18776595744680852 0.017708333333333333 0.03297872340425532
0 0.103125 0.23297872340425532 0.017708333333333333 0.03404255319148936
0 0.103125 0.2845744680851064 0.017708333333333333 0.03297872340425532
0 0.103125 0.4829787234042553 0.017708333333333333 0.03404255319148936
0 0.10442708333333334 0.6079787234042553 0.0171875 0.03297872340425532
0 0.103125 0.6696808510638298 0.017708333333333333 0.03297872340425532
0 0.10442708333333334 0.5420212765957447 0.0171875 0.03297872340425532
0 0.103125 0.775 0.017708333333333333 0.03297872340425532
0 0.103125 0.8813829787234042 0.017708333333333333 0.03297872340425532
2 0.04635416666666667 0.14095744680851063 0.08645833333333333 0.04148936170212766
2 0.04635416666666667 0.18829787234042553 0.08645833333333333 0.0425531914893617
2 0.04635416666666667 0.2351063829787234 0.08645833333333333 0.0425531914893617
2 0.04635416666666667 0.2872340425531915 0.08645833333333333 0.0425531914893617
5 0.0546875 0.3414893617021277 0.09791666666666667 0.0425531914893617
5 0.04765625 0.3882978723404255 0.08697916666666666 0.0425531914893617
5 0.057291666666666664 0.4329787234042553 0.10625 0.0425531914893617
2 0.04635416666666667 0.5468085106382978 0.08645833333333333 0.0425531914893617
2 0.04635416666666667 0.6090425531914894 0.08645833333333333 0.05425531914893617
2 0.04635416666666667 0.6712765957446809 0.08645833333333333 0.0425531914893617
5 0.04765625 0.723404255319149 0.08697916666666666 0.0425531914893617
2 0.04635416666666667 0.7792553191489362 0.08645833333333333 0.05425531914893617
5 0.046614583333333334 0.8319148936170213 0.09114583333333333 0.0425531914893617
2 0.0453125 0.8861702127659574 0.08645833333333333 0.0425531914893617
5 0.0453125 0.9361702127659575 0.08645833333333333 0.0425531914893617
5 0.05 0.9781914893617021 0.09583333333333334 0.04148936170212766
2 0.04635416666666667 0.48723404255319147 0.08645833333333333 0.0425531914893617
11 0.06458333333333334 0.5297872340425532 0.12916666666666668 0.9382978723404255
0 0.22630208333333332 0.08882978723404256 0.016145833333333335 0.03723404255319149
0 0.14401041666666667 0.0898936170212766 0.016145833333333335 0.035106382978723406
0 0.98515625 0.08882978723404256 0.0171875 0.03297872340425532
0 0.94453125 0.08882978723404256 0.016145833333333335 0.03723404255319149
0 0.14296875 0.14095744680851063 0.016145833333333335 0.03723404255319149
0 0.33619791666666665 0.09148936170212765 0.0171875 0.03829787234042553
0 0.3854166666666667 0.08882978723404256 0.016666666666666666 0.03723404255319149
0 0.50390625 0.09095744680851064 0.0171875 0.03297872340425532
0 0.19765625 0.08882978723404256 0.0171875 0.03297872340425532
0 0.17057291666666666 0.09148936170212765 0.018229166666666668 0.0425531914893617
0 0.7013020833333333 0.08882978723404256 0.0171875 0.03297872340425532
0 0.5638020833333334 0.09095744680851064 0.0171875 0.03297872340425532
0 0.6481770833333333 0.08776595744680851 0.015104166666666667 0.035106382978723406
4 0.2671875 0.09042553191489362 0.10729166666666666 0.04893617021276596
4 0.3463541666666667 0.09042553191489362 0.04375 0.04893617021276596
4 0.43046875 0.09042553191489362 0.11302083333333333 0.04893617021276596
4 0.51875 0.09042553191489362 0.05416666666666667 0.04893617021276596
4 0.5908854166666667 0.09042553191489362 0.0765625 0.04893617021276596
4 0.6635416666666667 0.09148936170212765 0.053125 0.05106382978723404
4 0.9557291666666666 0.09148936170212765 0.04375 0.05106382978723404
1 0.24270833333333333 0.1398936170212766 0.18125 0.030851063829787233
1 0.21328125 0.19893617021276597 0.1453125 0.04468085106382979
1 0.30390625 0.19893617021276597 0.0359375 0.04468085106382979
1 0.15859375 0.23563829787234042 0.0359375 0.02872340425531915
6 0.19140625 0.2824468085106383 0.10364583333333334 0.052127659574468084
6 0.28854166666666664 0.2824468085106383 0.07604166666666666 0.052127659574468084
6 0.3692708333333333 0.2824468085106383 0.07395833333333333 0.052127659574468084
6 0.44192708333333336 0.2824468085106383 0.059895833333333336 0.052127659574468084
6 0.5036458333333333 0.2824468085106383 0.05416666666666667 0.052127659574468084
14 0.5645833333333333 0.2824468085106383 0.8708333333333333 0.06063829787234042
13 0.5645833333333333 0.09148936170212765 0.8708333333333333 0.0574468085106383
0 0.60859375 0.6845744680851064 0.016145833333333335 0.035106382978723406
0 0.66171875 0.6845744680851064 0.013020833333333334 0.035106382978723406
0 0.5893229166666667 0.6845744680851064 0.0171875 0.035106382978723406
0 0.5684895833333333 0.3648936170212766 0.0171875 0.03829787234042553
0 0.16875 0.42446808510638295 0.021875 0.0425531914893617
0 0.2734375 0.4207446808510638 0.009375 0.030851063829787233
0 0.3380208333333333 0.4207446808510638 0.009375 0.030851063829787233
0 0.45364583333333336 0.4207446808510638 0.009375 0.030851063829787233
0 0.5145833333333333 0.4207446808510638 0.009375 0.030851063829787233
0 0.6002604166666666 0.4207446808510638 0.008854166666666666 0.030851063829787233
0 0.26536458333333335 0.4207446808510638 0.008854166666666666 0.030851063829787233
9 0.19661458333333334 0.3638297872340426 0.0984375 0.04468085106382979
9 0.17838541666666666 0.7835106382978724 0.058854166666666666 0.035106382978723406
4 0.6174479166666667 0.3638297872340426 0.12239583333333333 0.04893617021276596
7 0.23463541666666668 0.4228723404255319 0.09322916666666667 0.05
7 0.3265625 0.4228723404255319 0.03958333333333333 0.05
7 0.42864583333333334 0.4228723404255319 0.065625 0.05
7 0.49583333333333335 0.4228723404255319 0.05416666666666667 0.05
7 0.5783854166666667 0.4228723404255319 0.059895833333333336 0.05
15 0.41770833333333335 0.4218085106382979 0.5541666666666667 0.05638297872340425
1 0.21796875 0.4808510638297872 0.059895833333333336 0.03829787234042553
1 0.32421875 0.4808510638297872 0.027604166666666666 0.03829787234042553
1 0.4518229166666667 0.47819148936170214 0.015104166666666667 0.03723404255319149
1 0.4953125 0.47819148936170214 0.053125 0.03723404255319149
1 0.18619791666666666 0.6872340425531915 0.049479166666666664 0.04042553191489362
1 0.6364583333333333 0.6856382978723404 0.03333333333333333 0.03723404255319149
1 0.17526041666666667 0.8531914893617021 0.0234375 0.03829787234042553
3 0.41770833333333335 0.47819148936170214 0.5541666666666667 0.05638297872340425
3 0.41770833333333335 0.8542553191489362 0.5541666666666667 0.059574468085106386
12 0.5643229166666667 0.5601063829787234 0.8703125 0.8797872340425532
