0 0.014721345951629864 0.03036876355748373 0.015772870662460567 0.03253796095444685
0 0.8898527865404837 0.02982646420824295 0.01629863301787592 0.03796095444685466
0 0.8583070452155626 0.03253796095444685 0.017350157728706624 0.03253796095444685
0 0.9213985278654049 0.03253796095444685 0.01840168243953733 0.03253796095444685
0 0.9842271293375394 0.03253796095444685 0.024185068349106203 0.052060737527114966
0 0.9518927444794952 0.03253796095444685 0.017350157728706624 0.03253796095444685
0 0.29258675078864355 0.03253796095444685 0.017350157728706624 0.03253796095444685
1 0.06887486855941115 0.03470715835140998 0.0694006309148265 0.03253796095444685
1 0.13301787592008413 0.033622559652928416 0.024185068349106203 0.03036876355748373
8 0.4327024185068349 0.03253796095444685 0.3028391167192429 0.04338394793926247
10 0.499211356466877 0.03036876355748373 0.998422712933754 0.06073752711496746
0 0.014195583596214511 0.09056399132321041 0.014721345951629864 0.03579175704989154
0 0.013669821240799159 0.14099783080260303 0.013669821240799159 0.03253796095444685
0 0.014195583596214511 0.18926247288503253 0.014721345951629864 0.03579175704989154
0 0.013144058885383806 0.23535791757049893 0.012618296529968454 0.03253796095444685
0 0.013144058885383806 0.34598698481561824 0.012618296529968454 0.03253796095444685
0 0.014195583596214511 0.39099783080260303 0.012618296529968454 0.033622559652928416
0 0.014195583596214511 0.4403470715835141 0.012618296529968454 0.03253796095444685
0 0.014195583596214511 0.9484815618221258 0.014721345951629864 0.03579175704989154
0 0.014195583596214511 0.9013015184381779 0.014721345951629864 0.03470715835140998
0 0.014195583596214511 0.7337310195227765 0.014721345951629864 0.04013015184381779
0 0.11593059936908517 0.19522776572668113 0.017350157728706624 0.03253796095444685
0 0.11593059936908517 0.24023861171366595 0.017350157728706624 0.033622559652928416
0 0.11593059936908517 0.2917570498915401 0.017350157728706624 0.03253796095444685
0 0.11698212407991587 0.4924078091106291 0.017350157728706624 0.03253796095444685
0 0.11698212407991587 0.6149674620390455 0.017350157728706624 0.03253796095444685
0 0.11593059936908517 0.6762472885032538 0.017350157728706624 0.033622559652928416
0 0.11698212407991587 0.5536876355748374 0.017350157728706624 0.033622559652928416
0 0.11593059936908517 0.789587852494577 0.017350157728706624 0.03253796095444685
0 0.11593059936908517 0.8481561822125814 0.017350157728706624 0.03253796095444685
2 0.04652996845425868 0.14370932754880694 0.08675078864353312 0.04229934924078091
2 0.04652996845425868 0.1903470715835141 0.08675078864353312 0.04229934924078091
2 0.04652996845425868 0.2380694143167028 0.08675078864353312 0.04229934924078091
2 0.04652996845425868 0.294468546637744 0.08675078864353312 0.04229934924078091
5 0.05441640378548896 0.346529284164859 0.09831756046267087 0.04229934924078091
5 0.04758149316508938 0.39316702819956617 0.08675078864353312 0.04229934924078091
5 0.05914826498422713 0.43817787418655096 0.10988433228180862 0.04338394793926247
2 0.04758149316508938 0.5558568329718004 0.08675078864353312 0.04229934924078091
2 0.05152471083070452 0.613882863340564 0.0946372239747634 0.05422993492407809
2 0.04863301787592009 0.678416485900217 0.08675078864353312 0.04229934924078091
5 0.04758149316508938 0.732646420824295 0.08675078864353312 0.04229934924078091
2 0.0528391167192429 0.7885032537960954 0.09936908517350158 0.05422993492407809
2 0.04547844374342797 0.8508676789587852 0.08675078864353312 0.04229934924078091
5 0.04547844374342797 0.8996746203904555 0.08675078864353312 0.04229934924078091
5 0.049947423764458466 0.9425162689804772 0.09568874868559411 0.04338394793926247
2 0.04758149316508938 0.49945770065075923 0.08675078864353312 0.04229934924078091
11 0.06440588853838065 0.529826464208243 0.1288117770767613 0.938177874186551
0 0.1440588853838065 0.09056399132321041 0.015772870662460567 0.03579175704989154
0 0.19900105152471084 0.09164859002169197 0.017350157728706624 0.033622559652928416
0 0.17113564668769715 0.08893709327548807 0.017350157728706624 0.03253796095444685
0 0.2610410094637224 0.09164859002169197 0.017350157728706624 0.033622559652928416
0 0.9855415352260778 0.08893709327548807 0.017350157728706624 0.03253796095444685
0 0.9442691903259727 0.08947939262472886 0.015772870662460567 0.03796095444685466
0 0.5254994742376445 0.09164859002169197 0.017350157728706624 0.033622559652928416
0 0.43664563617245006 0.09164859002169197 0.017350157728706624 0.033622559652928416
0 0.3456887486855941 0.09164859002169197 0.017350157728706624 0.033622559652928416
0 0.14274447949526814 0.14099783080260303 0.01629863301787592 0.0368763557483731
0 0.9760778128286015 0.2044468546637744 0.017350157728706624 0.033622559652928416
0 0.6884858044164038 0.5206073752711496 0.015247108307045216 0.028199566160520606
0 0.2820715036803365 0.5244034707158352 0.015247108307045216 0.04013015184381779
1 0.2478969505783386 0.1399132321041215 0.19190325972660358 0.03036876355748373
4 0.21556256572029442 0.09273318872017354 0.05573080967402734 0.04880694143167028
4 0.28890641430073605 0.09273318872017354 0.07728706624605679 0.04880694143167028
4 0.3756572029442692 0.09002169197396963 0.08464773922187172 0.049891540130151846
4 0.46976866456361727 0.0911062906724512 0.08990536277602523 0.052060737527114966
4 0.9547844374342797 0.09002169197396963 0.04416403785488959 0.049891540130151846
1 0.17218717139852788 0.19902386117136658 0.06361724500525763 0.03579175704989154
1 0.2213459516298633 0.20227765726681127 0.03470031545741325 0.033622559652928416
1 0.17113564668769715 0.2380694143167028 0.061514195583596214 0.03796095444685466
1 0.9408517350157729 0.21258134490238612 0.0341745531019979 0.05422993492407809
6 0.1619348054679285 0.2917570498915401 0.0473186119873817 0.04772234273318872
6 0.21792849631966352 0.294468546637744 0.055205047318611984 0.046637744034707156
14 0.5651945320715037 0.2928416485900217 0.8696109358569927 0.05856832971800434
13 0.5644058885383807 0.09273318872017354 0.8711882229232387 0.0596529284164859
1 0.1774447949526814 0.38774403470715835 0.03207150368033649 0.03579175704989154
1 0.20005257623554154 0.4511930585683297 0.07728706624605679 0.03470715835140998
1 0.18322818086225026 0.517353579175705 0.04363827549947424 0.03470715835140998
1 0.20636172450052576 0.5905639913232104 0.08990536277602523 0.03579175704989154
1 0.19847528916929547 0.6561822125813449 0.07413249211356467 0.03470715835140998
1 0.2047844374342797 0.7223427331887202 0.08675078864353312 0.03470715835140998
1 0.18796004206098843 0.7885032537960954 0.05310199789695058 0.03470715835140998
1 0.18796004206098843 0.8519522776572668 0.05310199789695058 0.03579175704989154
1 0.29863301787592006 0.3920824295010846 0.048370136698212406 0.03579175704989154
1 0.2931125131440589 0.4571583514099783 0.03732912723449001 0.03796095444685466
1 0.3167718191377497 0.5265726681127982 0.052050473186119876 0.03579175704989154
1 0.2831230283911672 0.665943600867679 0.017350157728706624 0.03470715835140998
1 0.2831230283911672 0.7315618221258134 0.017350157728706624 0.03579175704989154
1 0.2831230283911672 0.7977223427331888 0.017350157728706624 0.03579175704989154
1 0.2831230283911672 0.8546637744034707 0.017350157728706624 0.03470715835140998
1 0.593322818086225 0.38774403470715835 0.04889589905362776 0.03579175704989154
1 0.5983175604626709 0.45336225596529284 0.058885383806519455 0.03470715835140998
1 0.6069926393270242 0.517353579175705 0.07623554153522608 0.03470715835140998
1 0.6001577287066246 0.5905639913232104 0.06256572029442692 0.03579175704989154
1 0.580441640378549 0.6588937093275488 0.023133543638275498 0.03579175704989154
1 0.5856992639327024 0.7250542299349241 0.033648790746582544 0.03579175704989154
1 0.6012092534174553 0.7955531453362256 0.06466876971608833 0.03579175704989154
1 0.6012092534174553 0.8546637744034707 0.06466876971608833 0.03470715835140998
1 0.6895373291272345 0.3920824295010846 0.017350157728706624 0.03579175704989154
1 0.6895373291272345 0.4582429501084599 0.017350157728706624 0.03579175704989154
1 0.7310725552050473 0.5222342733188721 0.06572029442691903 0.03579175704989154
1 0.6895373291272345 0.5997830802603037 0.017350157728706624 0.03470715835140998
1 0.6895373291272345 0.6681127982646421 0.017350157728706624 0.03470715835140998
1 0.6895373291272345 0.7342733188720173 0.017350157728706624 0.03470715835140998
1 0.6926919032597266 0.863882863340564 0.02050473186119874 0.03579175704989154
1 0.2831230283911672 0.5943600867678959 0.017350157728706624 0.03470715835140998
1 0.6908517350157729 0.7988069414316703 0.016824395373291272 0.03579175704989154
3 0.5586225026288117 0.38774403470715835 0.8364879074658255 0.07266811279826464
3 0.5586225026288117 0.4571583514099783 0.8364879074658255 0.06616052060737528
3 0.5586225026288117 0.5244034707158352 0.8364879074658255 0.06832971800433839
3 0.5586225026288117 0.5949023861171366 0.8364879074658255 0.07266811279826464
3 0.5586225026288117 0.6643167028199566 0.8364879074658255 0.06616052060737528
3 0.5586225026288117 0.7283080260303688 0.8364879074658255 0.06182212581344902
3 0.5586225026288117 0.7933839479392625 0.8364879074658255 0.06832971800433839
3 0.5586225026288117 0.8606290672451193 0.8364879074658255 0.06616052060737528
12 0.564931650893796 0.561822125813449 0.8690851735015773 0.8763557483731019
