0 0.01484375 0.03031914893617021 0.016145833333333335 0.03297872340425532
0 0.88984375 0.03031914893617021 0.016145833333333335 0.03723404255319149
0 0.8583333333333333 0.032446808510638296 0.017708333333333333 0.03297872340425532
0 0.92109375 0.032446808510638296 0.018229166666666668 0.03297872340425532
0 0.9841145833333333 0.032446808510638296 0.024479166666666666 0.052127659574468084
0 0.9518229166666666 0.032446808510638296 0.0171875 0.03297872340425532
0 0.29244791666666664 0.032446808510638296 0.0171875 0.03297872340425532
1 0.06901041666666667 0.034574468085106384 0.06927083333333334 0.03297872340425532
1 0.13307291666666668 0.03351063829787234 0.024479166666666666 0.030851063829787233
8 0.43255208333333334 0.032446808510638296 0.3026041666666667 0.04148936170212766
10 0.49921875 0.03031914893617021 0.9984375 0.06063829787234042
0 0.014322916666666666 0.0898936170212766 0.015104166666666667 0.035106382978723406
0 0.013541666666666667 0.14095744680851063 0.013541666666666667 0.03297872340425532
0 0.014322916666666666 0.18936170212765957 0.015104166666666667 0.036170212765957444
0 0.013020833333333334 0.23563829787234042 0.0125 0.03297872340425532
0 0.013541666666666667 0.6090425531914894 0.013541666666666667 0.039361702127659576
0 0.013020833333333334 0.6595744680851063 0.017708333333333333 0.0425531914893617
0 0.014322916666666666 0.7648936170212766 0.015104166666666667 0.04042553191489362
0 0.013802083333333333 0.5627659574468085 0.016145833333333335 0.0425531914893617
0 0.013802083333333333 0.5175531914893617 0.016145833333333335 0.035106382978723406
0 0.11458333333333333 0.18776595744680852 0.017708333333333333 0.03297872340425532
0 0.11458333333333333 0.2845744680851064 0.017708333333333333 0.03297872340425532
0 0.11458333333333333 0.23297872340425532 0.017708333333333333 0.03404255319148936
0 0.11588541666666667 0.34627659574468084 0.0171875 0.03297872340425532
0 0.11588541666666667 0.4047872340425532 0.0171875 0.03297872340425532
0 0.11588541666666667 0.8175531914893617 0.0171875 0.03297872340425532
0 0.11458333333333333 0.877127659574468 0.017708333333333333 0.03297872340425532
0 0.11458333333333333 0.4664893617021277 0.017708333333333333 0.03297872340425532
0 0.11588541666666667 0.7122340425531914 0.0171875 0.03297872340425532
2 0.05234375 0.14095744680851063 0.0984375 0.04148936170212766
2 0.05234375 0.18829787234042553 0.0984375 0.0425531914893617
2 0.05234375 0.2351063829787234 0.0984375 0.0425531914893617
2 0.05234375 0.28936170212765955 0.0984375 0.0425531914893617
2 0.05234375 0.34893617021276596 0.0984375 0.0425531914893617
2 0.051041666666666666 0.4074468085106383 0.09791666666666667 0.0425531914893617
2 0.05 0.46382978723404256 0.09791666666666667 0.0425531914893617
5 0.05390625 0.5180851063829788 0.10364583333333334 0.0425531914893617
5 0.05390625 0.5627659574468085 0.10364583333333334 0.0425531914893617
5 0.05390625 0.6079787234042553 0.10364583333333334 0.04148936170212766
5 0.05390625 0.6595744680851063 0.10364583333333334 0.0425531914893617
2 0.051041666666666666 0.7138297872340426 0.09791666666666667 0.0425531914893617
2 0.053385416666666664 0.8202127659574469 0.0984375 0.0425531914893617
2 0.05234375 0.8787234042553191 0.0984375 0.0425531914893617
5 0.05520833333333333 0.7659574468085106 0.10416666666666667 0.0425531914893617
11 0.06458333333333334 0.5297872340425532 0.12916666666666668 0.9382978723404255
8 0.9208333333333333 0.15531914893617021 0.11666666666666667 0.04680851063829787
0 0.14401041666666667 0.0898936170212766 0.016145833333333335 0.035106382978723406
0 0.24661458333333333 0.09148936170212765 0.016145833333333335 0.03829787234042553
0 0.37734375 0.09095744680851064 0.018229166666666668 0.03297872340425532
0 0.2953125 0.08882978723404256 0.013541666666666667 0.03297872340425532
0 0.43854166666666666 0.08776595744680851 0.013541666666666667 0.039361702127659576
0 0.17005208333333333 0.0898936170212766 0.015104166666666667 0.035106382978723406
0 0.23932291666666666 0.1579787234042553 0.0171875 0.03297872340425532
0 0.7059895833333333 0.1574468085106383 0.0171875 0.03829787234042553
0 0.79140625 0.15425531914893617 0.015104166666666667 0.04042553191489362
0 0.2203125 0.22234042553191488 0.009375 0.029787234042553193
0 0.3125 0.22234042553191488 0.009375 0.029787234042553193
0 0.40963541666666664 0.22234042553191488 0.008854166666666666 0.029787234042553193
0 0.4973958333333333 0.22234042553191488 0.009375 0.029787234042553193
0 0.6130208333333333 0.22234042553191488 0.009375 0.029787234042553193
0 0.7109375 0.22234042553191488 0.009375 0.029787234042553193
0 0.8427083333333333 0.21968085106382979 0.009375 0.030851063829787233
0 0.9489583333333333 0.21968085106382979 0.009375 0.030851063829787233
0 0.14791666666666667 0.22127659574468084 0.021875 0.0425531914893617
0 0.21223958333333334 0.22074468085106383 0.008854166666666666 0.03297872340425532
0 0.7778645833333333 0.27872340425531916 0.016145833333333335 0.04042553191489362
0 0.7778645833333333 0.3377659574468085 0.016145833333333335 0.039361702127659576
0 0.7778645833333333 0.3920212765957447 0.016145833333333335 0.039361702127659576
0 0.7768229166666667 0.44627659574468087 0.016145833333333335 0.039361702127659576
0 0.7778645833333333 0.5031914893617021 0.016145833333333335 0.04042553191489362
0 0.7778645833333333 0.5617021276595745 0.016145833333333335 0.04042553191489362
0 0.7778645833333333 0.6138297872340426 0.016145833333333335 0.04042553191489362
0 0.7778645833333333 0.6702127659574468 0.016145833333333335 0.04042553191489362
0 0.7768229166666667 0.7271276595744681 0.016145833333333335 0.039361702127659576
0 0.7778645833333333 0.8404255319148937 0.016145833333333335 0.04042553191489362
0 0.7778645833333333 0.8946808510638298 0.016145833333333335 0.04042553191489362
0 0.7778645833333333 0.7861702127659574 0.016145833333333335 0.04042553191489362
0 0.8778645833333333 0.2845744680851064 0.015104166666666667 0.03723404255319149
0 0.8778645833333333 0.33882978723404256 0.015104166666666667 0.03723404255319149
0 0.87890625 0.39574468085106385 0.015104166666666667 0.03829787234042553
0 0.87890625 0.45 0.015104166666666667 0.03829787234042553
0 0.8778645833333333 0.5090425531914894 0.015104166666666667 0.03723404255319149
0 0.87890625 0.5632978723404255 0.015104166666666667 0.03723404255319149
0 0.8778645833333333 0.6196808510638298 0.015104166666666667 0.03723404255319149
0 0.8778645833333333 0.676595744680851 0.015104166666666667 0.03829787234042553
0 0.8778645833333333 0.7308510638297873 0.015104166666666667 0.03829787234042553
0 0.8778645833333333 0.7845744680851063 0.015104166666666667 0.03723404255319149
0 0.8778645833333333 0.8436170212765958 0.015104166666666667 0.03829787234042553
0 0.8778645833333333 0.8978723404255319 0.015104166666666667 0.03829787234042553
0 0.9247395833333333 0.9723404255319149 0.016145833333333335 0.036170212765957444
0 0.9770833333333333 0.9723404255319149 0.0125 0.036170212765957444
0 0.90546875 0.9723404255319149 0.0171875 0.036170212765957444
0 0.14947916666666666 0.5085106382978724 0.021875 0.0425531914893617
1 0.17473958333333334 0.973404255319149 0.058854166666666666 0.027659574468085105
1 0.9513020833333333 0.9744680851063829 0.027604166666666666 0.02553191489361702
4 0.19322916666666667 0.08882978723404256 0.07291666666666667 0.05638297872340425
4 0.2578125 0.0898936170212766 0.04479166666666667 0.05425531914893617
4 0.3229166666666667 0.08882978723404256 0.07604166666666666 0.05638297872340425
4 0.39453125 0.08882978723404256 0.059895833333333336 0.05638297872340425
4 0.4765625 0.0898936170212766 0.096875 0.05425531914893617
4 0.73359375 0.15585106382978722 0.08177083333333333 0.05425531914893617
4 0.81484375 0.15585106382978722 0.06927083333333334 0.05425531914893617
1 0.1890625 0.15531914893617021 0.08541666666666667 0.04680851063829787
1 0.1890625 0.45 0.04583333333333333 0.0425531914893617
1 0.19036458333333334 0.39574468085106385 0.0484375 0.0425531914893617
1 0.19453125 0.3414893617021277 0.058854166666666666 0.0425531914893617
1 0.19453125 0.2851063829787234 0.058854166666666666 0.0425531914893617
1 0.18802083333333333 0.5063829787234042 0.04375 0.0425531914893617
1 0.19947916666666668 0.5585106382978723 0.06666666666666667 0.0425531914893617
1 0.19088541666666667 0.6148936170212767 0.049479166666666664 0.0425531914893617
1 0.19661458333333334 0.6691489361702128 0.06302083333333333 0.0425531914893617
1 0.19739583333333333 0.725531914893617 0.06458333333333334 0.0425531914893617
1 0.19453125 0.7824468085106383 0.058854166666666666 0.04148936170212766
1 0.19296875 0.8367021276595744 0.058854166666666666 0.04148936170212766
1 0.19296875 0.8936170212765957 0.058854166666666666 0.0425531914893617
1 0.2947916666666667 0.2851063829787234 0.059375 0.0425531914893617
1 0.27786458333333336 0.33404255319148934 0.025520833333333333 0.0425531914893617
1 0.27786458333333336 0.39095744680851063 0.025520833333333333 0.04148936170212766
1 0.27786458333333336 0.45 0.025520833333333333 0.0425531914893617
1 0.27786458333333336 0.5042553191489362 0.025520833333333333 0.0425531914893617
1 0.27786458333333336 0.5585106382978723 0.025520833333333333 0.0425531914893617
1 0.27786458333333336 0.6148936170212767 0.025520833333333333 0.0425531914893617
1 0.2791666666666667 0.6691489361702128 0.030208333333333334 0.0425531914893617
1 0.2786458333333333 0.725531914893617 0.029166666666666667 0.0425531914893617
1 0.27682291666666664 0.7824468085106383 0.025520833333333333 0.04148936170212766
1 0.27682291666666664 0.8367021276595744 0.025520833333333333 0.04148936170212766
1 0.27786458333333336 0.8936170212765957 0.025520833333333333 0.0425531914893617
1 0.41302083333333334 0.2824468085106383 0.09479166666666666 0.047872340425531915
1 0.3815104166666667 0.33404255319148934 0.028645833333333332 0.04680851063829787
1 0.3971354166666667 0.39095744680851063 0.059895833333333336 0.047872340425531915
1 0.40572916666666664 0.4478723404255319 0.07708333333333334 0.04680851063829787
1 0.3971354166666667 0.5042553191489362 0.059895833333333336 0.04680851063829787
1 0.3971354166666667 0.5606382978723404 0.059895833333333336 0.04680851063829787
1 0.4127604166666667 0.6175531914893617 0.09114583333333333 0.047872340425531915
1 0.3885416666666667 0.6718085106382978 0.042708333333333334 0.047872340425531915
1 0.40911458333333334 0.7281914893617021 0.08697916666666666 0.047872340425531915
1 0.38697916666666665 0.7851063829787234 0.042708333333333334 0.04680851063829787
1 0.3971354166666667 0.8936170212765957 0.059895833333333336 0.04680851063829787
1 0.39869791666666665 0.8393617021276596 0.06302083333333333 0.04680851063829787
1 0.47604166666666664 0.2797872340425532 0.019791666666666666 0.0425531914893617
1 0.47604166666666664 0.39095744680851063 0.019791666666666666 0.04148936170212766
1 0.47604166666666664 0.45 0.019791666666666666 0.0425531914893617
1 0.475 0.502127659574468 0.019791666666666666 0.0425531914893617
1 0.475 0.5585106382978723 0.019791666666666666 0.0425531914893617
1 0.475 0.6148936170212767 0.019791666666666666 0.0425531914893617
1 0.475 0.6691489361702128 0.019791666666666666 0.0425531914893617
1 0.47708333333333336 0.725531914893617 0.019791666666666666 0.0425531914893617
1 0.475 0.7797872340425532 0.019791666666666666 0.0425531914893617
1 0.475 0.8936170212765957 0.019791666666666666 0.0425531914893617
1 0.6015625 0.3425531914893617 0.07395833333333333 0.04468085106382979
1 0.5979166666666667 0.4452127659574468 0.0625 0.047872340425531915
1 0.6127604166666667 0.5042553191489362 0.0921875 0.04680851063829787
1 0.6122395833333333 0.5632978723404255 0.09114583333333333 0.047872340425531915
1 0.5828125 0.7303191489361702 0.030208333333333334 0.052127659574468084
1 0.6052083333333333 0.7882978723404256 0.075 0.04893617021276596
1 0.6059895833333333 0.8978723404255319 0.07864583333333333 0.04680851063829787
1 0.6958333333333333 0.4531914893617021 0.053125 0.04468085106382979
1 0.6942708333333333 0.502127659574468 0.05 0.0425531914893617
1 0.6833333333333333 0.5606382978723404 0.028125 0.0425531914893617
1 0.68515625 0.7308510638297873 0.0359375 0.04680851063829787
1 0.70546875 0.7872340425531915 0.07864583333333333 0.04680851063829787
1 0.6833333333333333 0.898936170212766 0.03229166666666667 0.04468085106382979
1 0.8119791666666667 0.2835106382978723 0.052083333333333336 0.039361702127659576
1 0.81328125 0.3377659574468085 0.0515625 0.039361702127659576
1 0.81328125 0.3920212765957447 0.0515625 0.039361702127659576
1 0.8119791666666667 0.44627659574468087 0.052083333333333336 0.039361702127659576
1 0.8119791666666667 0.5031914893617021 0.052083333333333336 0.04042553191489362
1 0.81328125 0.5617021276595745 0.0515625 0.04042553191489362
1 0.8109375 0.6138297872340426 0.052083333333333336 0.04042553191489362
1 0.8119791666666667 0.6702127659574468 0.052083333333333336 0.04042553191489362
1 0.8119791666666667 0.7244680851063829 0.052083333333333336 0.04042553191489362
1 0.81328125 0.7835106382978724 0.0515625 0.039361702127659576
1 0.8119791666666667 0.8404255319148937 0.052083333333333336 0.04042553191489362
1 0.8119791666666667 0.8946808510638298 0.052083333333333336 0.04042553191489362
1 0.9049479166666666 0.2845744680851064 0.03697916666666667 0.03723404255319149
1 0.9049479166666666 0.3414893617021277 0.03697916666666667 0.03829787234042553
1 0.9059895833333333 0.39574468085106385 0.03697916666666667 0.03829787234042553
1 0.9059895833333333 0.4521276595744681 0.03697916666666667 0.03829787234042553
1 0.9049479166666666 0.5015957446808511 0.03697916666666667 0.03723404255319149
1 0.90390625 0.5585106382978723 0.03697916666666667 0.03829787234042553
1 0.90390625 0.6127659574468085 0.03697916666666667 0.03829787234042553
1 0.9049479166666666 0.6691489361702128 0.03697916666666667 0.03829787234042553
1 0.9049479166666666 0.726063829787234 0.03697916666666667 0.03723404255319149
1 0.9049479166666666 0.7845744680851063 0.03697916666666667 0.03723404255319149
1 0.9049479166666666 0.8436170212765958 0.03697916666666667 0.03829787234042553
1 0.9049479166666666 0.8978723404255319 0.03697916666666667 0.03829787234042553
1 0.475 0.8414893617021276 0.019791666666666666 0.0425531914893617
1 0.475 0.3393617021276596 0.019791666666666666 0.0425531914893617
1 0.6026041666666667 0.3946808510638298 0.07395833333333333 0.04468085106382979
1 0.68203125 0.39893617021276595 0.027604166666666666 0.04468085106382979
1 0.7013020833333333 0.3404255319148936 0.06614583333333333 0.04468085106382979
1 0.5927083333333333 0.8425531914893617 0.052083333333333336 0.04893617021276596
1 0.7036458333333333 0.8425531914893617 0.075 0.04893617021276596
13 0.5651041666666666 0.0925531914893617 0.8697916666666666 0.059574468085106386
7 0.19739583333333333 0.22127659574468084 0.06458333333333334 0.05106382978723404
7 0.29192708333333334 0.22127659574468084 0.0578125 0.05106382978723404
7 0.390625 0.21861702127659574 0.052083333333333336 0.052127659574468084
7 0.48515625 0.21861702127659574 0.03802083333333333 0.052127659574468084
7 0.5950520833333334 0.22127659574468084 0.0515625 0.05106382978723404
7 0.6921875 0.22127659574468084 0.052083333333333336 0.05106382978723404
7 0.8096354166666667 0.22127659574468084 0.0796875 0.05106382978723404
7 0.91484375 0.22127659574468084 0.08697916666666666 0.05106382978723404
15 0.56484375 0.21968085106382979 0.8692708333333333 0.05851063829787234
3 0.56484375 0.2803191489361702 0.8692708333333333 0.05638297872340425
3 0.56484375 0.33670212765957447 0.8692708333333333 0.05638297872340425
3 0.56484375 0.3930851063829787 0.8692708333333333 0.05638297872340425
3 0.56484375 0.451063829787234 0.8692708333333333 0.059574468085106386
3 0.56484375 0.5079787234042553 0.8692708333333333 0.05425531914893617
3 0.5651041666666666 0.5643617021276596 0.8697916666666666 0.05851063829787234
3 0.56484375 0.6186170212765958 0.8692708333333333 0.05
3 0.5651041666666666 0.6707446808510639 0.8697916666666666 0.05425531914893617
3 0.56484375 0.7271276595744681 0.8692708333333333 0.05851063829787234
3 0.56484375 0.7835106382978724 0.8692708333333333 0.05425531914893617
3 0.56484375 0.8404255319148937 0.8692708333333333 0.059574468085106386
3 0.56484375 0.8973404255319148 0.8692708333333333 0.05425531914893617
12 0.5651041666666666 0.5606382978723404 0.8697916666666666 0.8723404255319149
