0 0.01484375 0.03031914893617021 0.016145833333333335 0.03297872340425532
0 0.88984375 0.03031914893617021 0.016145833333333335 0.03723404255319149
0 0.8583333333333333 0.032446808510638296 0.017708333333333333 0.03297872340425532
0 0.92109375 0.032446808510638296 0.018229166666666668 0.03297872340425532
0 0.9841145833333333 0.032446808510638296 0.024479166666666666 0.052127659574468084
0 0.9518229166666666 0.032446808510638296 0.0171875 0.03297872340425532
0 0.29244791666666664 0.032446808510638296 0.0171875 0.03297872340425532
1 0.06901041666666667 0.034574468085106384 0.06927083333333334 0.03297872340425532
1 0.13307291666666668 0.03351063829787234 0.024479166666666666 0.030851063829787233
8 0.43255208333333334 0.032446808510638296 0.3026041666666667 0.04148936170212766
10 0.49921875 0.03031914893617021 0.9984375 0.06063829787234042
0 0.014322916666666666 0.0898936170212766 0.015104166666666667 0.035106382978723406
0 0.013541666666666667 0.14095744680851063 0.013541666666666667 0.03297872340425532
0 0.014322916666666666 0.18936170212765957 0.015104166666666667 0.036170212765957444
0 0.013020833333333334 0.23563829787234042 0.0125 0.03297872340425532
0 0.013541666666666667 0.6090425531914894 0.013541666666666667 0.039361702127659576
0 0.013020833333333334 0.6595744680851063 0.017708333333333333 0.0425531914893617
0 0.014322916666666666 0.7648936170212766 0.015104166666666667 0.04042553191489362
0 0.013802083333333333 0.5627659574468085 0.016145833333333335 0.0425531914893617
0 0.013802083333333333 0.5175531914893617 0.016145833333333335 0.035106382978723406
0 0.11458333333333333 0.18776595744680852 0.017708333333333333 0.03297872340425532
0 0.11458333333333333 0.2845744680851064 0.017708333333333333 0.03297872340425532
0 0.11458333333333333 0.23297872340425532 0.017708333333333333 0.03404255319148936
0 0.11588541666666667 0.34627659574468084 0.0171875 0.03297872340425532
0 0.11588541666666667 0.4047872340425532 0.0171875 0.03297872340425532
0 0.11588541666666667 0.8175531914893617 0.0171875 0.03297872340425532
0 0.11458333333333333 0.877127659574468 0.017708333333333333 0.03297872340425532
0 0.11458333333333333 0.4664893617021277 0.017708333333333333 0.03297872340425532
0 0.11588541666666667 0.7122340425531914 0.0171875 0.03297872340425532
2 0.05234375 0.14095744680851063 0.0984375 0.04148936170212766
2 0.05234375 0.18829787234042553 0.0984375 0.0425531914893617
2 0.05234375 0.2351063829787234 0.0984375 0.0425531914893617
2 0.05234375 0.28936170212765955 0.0984375 0.0425531914893617
2 0.05234375 0.34893617021276596 0.0984375 0.0425531914893617
2 0.051041666666666666 0.4074468085106383 0.09791666666666667 0.0425531914893617
2 0.05 0.46382978723404256 0.09791666666666667 0.0425531914893617
5 0.05390625 0.5180851063829788 0.10364583333333334 0.0425531914893617
5 0.05390625 0.5627659574468085 0.10364583333333334 0.0425531914893617
5 0.05390625 0.6079787234042553 0.10364583333333334 0.04148936170212766
5 0.05390625 0.6595744680851063 0.10364583333333334 0.0425531914893617
2 0.051041666666666666 0.7138297872340426 0.09791666666666667 0.0425531914893617
2 0.053385416666666664 0.8202127659574469 0.0984375 0.0425531914893617
2 0.05234375 0.8787234042553191 0.0984375 0.0425531914893617
5 0.05520833333333333 0.7659574468085106 0.10416666666666667 0.0425531914893617
11 0.06458333333333334 0.5297872340425532 0.12916666666666668 0.9382978723404255
0 0.22630208333333332 0.08882978723404256 0.016145833333333335 0.03723404255319149
0 0.14401041666666667 0.0898936170212766 0.016145833333333335 0.035106382978723406
0 0.27447916666666666 0.09095744680851064 0.01875 0.03297872340425532
0 0.98515625 0.08882978723404256 0.0171875 0.03297872340425532
0 0.94453125 0.08882978723404256 0.016145833333333335 0.03723404255319149
0 0.14296875 0.14095744680851063 0.016145833333333335 0.03723404255319149
0 0.33307291666666666 0.08882978723404256 0.0171875 0.03723404255319149
0 0.39140625 0.08882978723404256 0.016145833333333335 0.03723404255319149
0 0.47942708333333334 0.08882978723404256 0.0171875 0.03297872340425532
0 0.19765625 0.08882978723404256 0.0171875 0.03297872340425532
0 0.17057291666666666 0.09148936170212765 0.018229166666666668 0.0425531914893617
1 0.24270833333333333 0.1398936170212766 0.18125 0.030851063829787233
1 0.16536458333333334 0.1973404255319149 0.03802083333333333 0.02872340425531915
1 0.19479166666666667 0.23138297872340424 0.034375 0.030851063829787233
1 0.7716145833333333 0.21648936170212765 0.028645833333333332 0.047872340425531915
1 0.8184895833333333 0.21436170212765956 0.044270833333333336 0.052127659574468084
1 0.8778645833333333 0.21170212765957447 0.0546875 0.05106382978723404
1 0.95234375 0.2127659574468085 0.05572916666666667 0.059574468085106386
6 0.19140625 0.2851063829787234 0.09947916666666666 0.0425531914893617
6 0.296875 0.2851063829787234 0.09583333333333334 0.0425531914893617
6 0.37083333333333335 0.2851063829787234 0.042708333333333334 0.0425531914893617
6 0.4622395833333333 0.2851063829787234 0.1234375 0.0425531914893617
9 0.18958333333333333 0.40904255319148936 0.084375 0.035106382978723406
14 0.56484375 0.28617021276595744 0.8692708333333333 0.059574468085106386
4 0.23828125 0.09148936170212765 0.0453125 0.05106382978723404
4 0.28958333333333336 0.09308510638297872 0.05520833333333333 0.05425531914893617
4 0.3489583333333333 0.09308510638297872 0.05416666666666667 0.05425531914893617
4 0.42526041666666664 0.09042553191489362 0.0890625 0.04893617021276596
4 0.9557291666666666 0.09148936170212765 0.04375 0.05106382978723404
13 0.5651041666666666 0.09042553191489362 0.8697916666666666 0.059574468085106386
0 0.70234375 0.32978723404255317 0.015104166666666667 0.027659574468085105
0 0.7033854166666667 0.3946808510638298 0.015104166666666667 0.04042553191489362
0 0.70234375 0.4702127659574468 0.015104166666666667 0.04042553191489362
0 0.46171875 0.5792553191489361 0.018229166666666668 0.03297872340425532
0 0.5216145833333333 0.7037234042553191 0.008854166666666666 0.030851063829787233
0 0.42239583333333336 0.7058510638297872 0.009375 0.030851063829787233
0 0.22708333333333333 0.7079787234042553 0.009375 0.030851063829787233
0 0.21796875 0.7079787234042553 0.008854166666666666 0.030851063829787233
0 0.9565104166666667 0.6090425531914894 0.0171875 0.035106382978723406
0 0.5291666666666667 0.5808510638297872 0.0125 0.036170212765957444
1 0.24869791666666666 0.4851063829787234 0.19739583333333333 0.03829787234042553
4 0.47994791666666664 0.5771276595744681 0.059895833333333336 0.047872340425531915
0 0.1671875 0.6324468085106383 0.022916666666666665 0.05
1 0.24036458333333333 0.6351063829787233 0.12135416666666667 0.04468085106382979
1 0.3484375 0.8058510638297872 0.08333333333333333 0.03723404255319149
7 0.21067708333333332 0.7095744680851064 0.04739583333333333 0.04680851063829787
7 0.40546875 0.7095744680851064 0.04739583333333333 0.04680851063829787
7 0.5049479166666667 0.7095744680851064 0.04739583333333333 0.04680851063829787
15 0.346875 0.7090425531914893 0.41458333333333336 0.05638297872340425
1 0.61640625 0.39787234042553193 0.06197916666666667 0.03829787234042553
1 0.6177083333333333 0.33191489361702126 0.06458333333333334 0.027659574468085105
1 0.6192708333333333 0.4723404255319149 0.06770833333333333 0.059574468085106386
1 0.61875 0.5441489361702128 0.06666666666666667 0.03723404255319149
1 0.6291666666666667 0.6101063829787234 0.0875 0.03723404255319149
1 0.73125 0.32978723404255317 0.04479166666666667 0.027659574468085105
1 0.7296875 0.3930851063829787 0.041666666666666664 0.03723404255319149
1 0.7302083333333333 0.47127659574468084 0.042708333333333334 0.03829787234042553
1 0.7041666666666667 0.548936170212766 0.020833333333333332 0.03829787234042553
1 0.7052083333333333 0.6127659574468085 0.022916666666666665 0.03829787234042553
3 0.77109375 0.3414893617021277 0.41302083333333334 0.04680851063829787
3 0.77109375 0.39893617021276595 0.41302083333333334 0.06808510638297872
3 0.77109375 0.4734042553191489 0.41302083333333334 0.08085106382978724
3 0.77109375 0.5457446808510639 0.41302083333333334 0.06382978723404255
3 0.77109375 0.6106382978723405 0.41302083333333334 0.06595744680851064
12 0.5645833333333333 0.5590425531914893 0.8708333333333333 0.8819148936170212
