0 0.014721345951629864 0.03036876355748373 0.015772870662460567 0.03253796095444685
0 0.8898527865404837 0.02982646420824295 0.01629863301787592 0.03796095444685466
0 0.8583070452155626 0.03253796095444685 0.017350157728706624 0.03253796095444685
0 0.9213985278654049 0.03253796095444685 0.01840168243953733 0.03253796095444685
0 0.9842271293375394 0.03253796095444685 0.024185068349106203 0.052060737527114966
0 0.9518927444794952 0.03253796095444685 0.017350157728706624 0.03253796095444685
0 0.29258675078864355 0.03253796095444685 0.017350157728706624 0.03253796095444685
1 0.06887486855941115 0.03470715835140998 0.0694006309148265 0.03253796095444685
1 0.13301787592008413 0.033622559652928416 0.024185068349106203 0.03036876355748373
8 0.4327024185068349 0.03253796095444685 0.3028391167192429 0.04338394793926247
10 0.499211356466877 0.03036876355748373 0.998422712933754 0.06073752711496746
0 0.013144058885383806 0.15672451193058567 0.012618296529968454 0.033622559652928416
0 0.014195583596214511 0.09056399132321041 0.014721345951629864 0.03579175704989154
0 0.10436382754994743 0.15726681127982647 0.017350157728706624 0.03253796095444685
0 0.10436382754994743 0.20661605206073752 0.017350157728706624 0.033622559652928416
0 0.10436382754994743 0.2678958785249458 0.017350157728706624 0.03253796095444685
2 0.04468980021030494 0.15672451193058567 0.08307045215562565 0.04229934924078091
2 0.0452155625657203 0.20878524945770066 0.08201892744479496 0.04229934924078091
5 0.05967402733964248 0.3215835140997831 0.10883280757097792 0.04229934924078091
5 0.05967402733964248 0.3693058568329718 0.10883280757097792 0.04229934924078091
5 0.05967402733964248 0.4170281995661605 0.10883280757097792 0.04229934924078091
5 0.053890641430073605 0.46691973969631234 0.09726603575184017 0.04229934924078091
5 0.057308096740273394 0.5168112798264642 0.10410094637223975 0.04229934924078091
5 0.04416403785488959 0.5645336225596529 0.07781282860147214 0.04229934924078091
5 0.046267087276550996 0.6567245119305857 0.08201892744479496 0.04013015184381779
5 0.05914826498422713 0.7044468546637744 0.10778128286014721 0.04013015184381779
5 0.05914826498422713 0.7521691973969631 0.10778128286014721 0.04013015184381779
5 0.03890641430073607 0.7966377440347071 0.06729758149316509 0.04013015184381779
5 0.05914826498422713 0.6090021691973969 0.10778128286014721 0.04013015184381779
2 0.046267087276550996 0.26843817787418656 0.08201892744479496 0.04229934924078091
5 0.05914826498422713 0.846529284164859 0.10778128286014721 0.04013015184381779
5 0.05914826498422713 0.8969631236442517 0.10778128286014721 0.039045553145336226
5 0.05914826498422713 0.9419739696312365 0.10778128286014721 0.04013015184381779
5 0.04232386961093586 0.9799349240780911 0.07413249211356467 0.04013015184381779
11 0.06440588853838065 0.529826464208243 0.1288117770767613 0.938177874186551
0 0.2392218717139853 0.23318872017353579 0.010515247108307046 0.02386117136659436
0 0.15851735015772872 0.21475054229934923 0.031019978969505785 0.06073752711496746
4 0.2455310199789695 0.0911062906724512 0.05993690851735016 0.052060737527114966
4 0.40799158780231337 0.09002169197396963 0.07991587802313355 0.049891540130151846
4 0.33543638275499477 0.09002169197396963 0.058885383806519455 0.049891540130151846
4 0.4802839116719243 0.09002169197396963 0.05310199789695058 0.049891540130151846
4 0.5557308096740273 0.09002169197396963 0.08937960042060988 0.049891540130151846
4 0.955310199789695 0.09002169197396963 0.0452155625657203 0.049891540130151846
13 0.5651945320715037 0.09273318872017354 0.8696109358569927 0.0596529284164859
1 0.24631966351209253 0.14099783080260303 0.19085173501577288 0.03253796095444685
1 0.21109358569926392 0.20119305856832972 0.06677181913774974 0.04013015184381779
1 0.3017875920084122 0.2044468546637744 0.035751840168243953 0.04013015184381779
1 0.19085173501577288 0.23698481561822127 0.028391167192429023 0.031453362255965296
6 0.16771819137749738 0.2874186550976139 0.056782334384858045 0.052060737527114966
6 0.22266035751840169 0.2874186550976139 0.04153522607781283 0.052060737527114966
6 0.28496319663512093 0.2874186550976139 0.07886435331230283 0.052060737527114966
14 0.5644058885383807 0.28796095444685466 0.8711882229232387 0.06616052060737528
0 0.1440588853838065 0.09056399132321041 0.015772870662460567 0.03579175704989154
0 0.20005257623554154 0.09164859002169197 0.017350157728706624 0.033622559652928416
0 0.1706098843322818 0.09164859002169197 0.01840168243953733 0.04229934924078091
0 0.9855415352260778 0.08893709327548807 0.017350157728706624 0.03253796095444685
0 0.14274447949526814 0.14099783080260303 0.01629863301787592 0.0368763557483731
0 0.9442691903259727 0.08947939262472886 0.015772870662460567 0.03796095444685466
0 0.3183491062039958 0.09164859002169197 0.01840168243953733 0.033622559652928416
0 0.5228706624605678 0.09164859002169197 0.01840168243953733 0.03796095444685466
0 0.6101472134595163 0.09164859002169197 0.017350157728706624 0.033622559652928416
0 0.29153522607781285 0.0938177874186551 0.017350157728706624 0.033622559652928416
0 0.37907465825446895 0.0938177874186551 0.016824395373291272 0.033622559652928416
0 0.2279179810725552 0.09164859002169197 0.017350157728706624 0.033622559652928416
0 0.46503680336487907 0.0938177874186551 0.01629863301787592 0.03796095444685466
1 0.2202944269190326 0.23698481561822127 0.030494216614090432 0.031453362255965296
1 0.1961093585699264 0.35195227765726683 0.0694006309148265 0.03796095444685466
0 0.7804942166140905 0.4712581344902386 0.01840168243953733 0.033622559652928416
0 0.7797055730809674 0.9842733188720173 0.014721345951629864 0.031453362255965296
0 0.37907465825446895 0.35195227765726683 0.016824395373291272 0.03796095444685466
1 0.19137749737118823 0.4181127982646421 0.05993690851735016 0.03796095444685466
1 0.2047844374342797 0.49349240780911063 0.08675078864353312 0.05856832971800434
1 0.19479495268138802 0.5721258134490239 0.06677181913774974 0.0596529284164859
1 0.20005257623554154 0.6578091106290672 0.07518401682439538 0.0596529284164859
1 0.20767613038906416 0.732646420824295 0.09253417455310199 0.03796095444685466
1 0.3028391167192429 0.35195227765726683 0.06624605678233439 0.03796095444685466
1 0.28286014721345953 0.425704989154013 0.023133543638275498 0.03796095444685466
1 0.2844374342797056 0.49511930585683295 0.026288117770767613 0.03796095444685466
1 0.2831230283911672 0.5780911062906724 0.026813880126182965 0.039045553145336226
1 0.2844374342797056 0.661062906724512 0.026288117770767613 0.03796095444685466
1 0.31335436382754994 0.7348156182212582 0.08412197686645637 0.03796095444685466
3 0.2718191377497371 0.3541214750542299 0.259726603575184 0.06616052060737528
3 0.2718191377497371 0.4197396963123644 0.259726603575184 0.0650759219088937
3 0.2718191377497371 0.4924078091106291 0.259726603575184 0.08026030368763558
3 0.2718191377497371 0.5732104121475055 0.259726603575184 0.08134490238611713
3 0.2718191377497371 0.6578091106290672 0.259726603575184 0.0878524945770065
3 0.2718191377497371 0.732646420824295 0.259726603575184 0.06182212581344902
1 0.7999474237644585 0.3362255965292842 0.05099894847528917 0.026030368763557483
1 0.7815457413249212 0.37689804772234275 0.02050473186119874 0.031453362255965296
1 0.8080967402733964 0.42787418655097614 0.06729758149316509 0.03796095444685466
1 0.8212407991587802 0.4734273318872017 0.060988433228180865 0.03796095444685466
1 0.7878548895899053 0.5352494577006508 0.024710830704521555 0.03796095444685466
1 0.7802313354363828 0.5808026030368764 0.02103049421661409 0.033622559652928416
1 0.7981072555205048 0.6350325379609545 0.0473186119873817 0.03796095444685466
1 0.7812828601472135 0.68058568329718 0.023133543638275498 0.02928416485900217
1 0.7965299684542587 0.7348156182212582 0.04416403785488959 0.03796095444685466
1 0.7839116719242902 0.7814533622559653 0.025236593059936908 0.031453362255965296
1 0.8099369085173501 0.9408893709327549 0.06572029442691903 0.03579175704989154
1 0.8094111461619348 0.9842733188720173 0.04153522607781283 0.031453362255965296
9 0.807570977917981 0.8725596529284165 0.0914826498422713 0.03579175704989154
3 0.8669821240799159 0.3378524945770065 0.22397476340694006 0.033622559652928416
3 0.8669821240799159 0.3779826464208243 0.22397476340694006 0.046637744034707156
3 0.8669821240799159 0.42516268980477223 0.22397476340694006 0.04772234273318872
3 0.8669821240799159 0.47668112798264645 0.22397476340694006 0.055314533622559656
3 0.8669821240799159 0.5314533622559653 0.22397476340694006 0.05422993492407809
3 0.8669821240799159 0.5813449023861171 0.22397476340694006 0.0455531453362256
3 0.8669821240799159 0.6317787418655098 0.22397476340694006 0.055314533622559656
3 0.8669821240799159 0.6816702819956616 0.22397476340694006 0.044468546637744036
3 0.8669821240799159 0.7315618221258134 0.22397476340694006 0.055314533622559656
3 0.8669821240799159 0.7830802603036876 0.22397476340694006 0.04772234273318872
3 0.8669821240799159 0.9376355748373102 0.22397476340694006 0.05314533622559653
3 0.8669821240799159 0.9821041214750542 0.22397476340694006 0.03579175704989154
12 0.5651945320715037 0.561822125813449 0.8696109358569927 0.8763557483731019
