0 0.01484375 0.03031914893617021 0.016145833333333335 0.03297872340425532
0 0.88984375 0.03031914893617021 0.016145833333333335 0.03723404255319149
0 0.8583333333333333 0.032446808510638296 0.017708333333333333 0.03297872340425532
0 0.92109375 0.032446808510638296 0.018229166666666668 0.03297872340425532
0 0.9841145833333333 0.032446808510638296 0.024479166666666666 0.052127659574468084
0 0.9518229166666666 0.032446808510638296 0.0171875 0.03297872340425532
0 0.29244791666666664 0.032446808510638296 0.0171875 0.03297872340425532
1 0.06901041666666667 0.034574468085106384 0.06927083333333334 0.03297872340425532
1 0.13307291666666668 0.03351063829787234 0.024479166666666666 0.030851063829787233
8 0.43255208333333334 0.032446808510638296 0.3026041666666667 0.04148936170212766
10 0.49921875 0.03031914893617021 0.9984375 0.06063829787234042
0 0.014322916666666666 0.0898936170212766 0.015104166666666667 0.035106382978723406
0 0.013541666666666667 0.14095744680851063 0.013541666666666667 0.03297872340425532
0 0.014322916666666666 0.18936170212765957 0.015104166666666667 0.036170212765957444
0 0.013020833333333334 0.23563829787234042 0.0125 0.03297872340425532
0 0.013020833333333334 0.34095744680851064 0.0125 0.03297872340425532
0 0.0140625 0.38670212765957446 0.0125 0.03297872340425532
0 0.013020833333333334 0.43138297872340425 0.0125 0.03297872340425532
0 0.013020833333333334 0.9063829787234042 0.014583333333333334 0.04042553191489362
0 0.013020833333333334 0.8026595744680851 0.014583333333333334 0.039361702127659576
0 0.013020833333333334 0.7085106382978723 0.014583333333333334 0.04042553191489362
0 0.014322916666666666 0.6611702127659574 0.015104166666666667 0.039361702127659576
0 0.014322916666666666 0.7531914893617021 0.015104166666666667 0.04042553191489362
0 0.103125 0.18776595744680852 0.017708333333333333 0.03297872340425532
0 0.103125 0.23297872340425532 0.017708333333333333 0.03404255319148936
0 0.103125 0.2867021276595745 0.017708333333333333 0.03297872340425532
0 0.103125 0.4877659574468085 0.017708333333333333 0.03297872340425532
0 0.10442708333333334 0.6079787234042553 0.0171875 0.03297872340425532
0 0.103125 0.5441489361702128 0.017708333333333333 0.03297872340425532
0 0.103125 0.8579787234042553 0.017708333333333333 0.03297872340425532
0 0.10442708333333334 0.9622340425531914 0.0171875 0.03297872340425532
2 0.04635416666666667 0.14095744680851063 0.08645833333333333 0.04148936170212766
2 0.04635416666666667 0.18829787234042553 0.08645833333333333 0.0425531914893617
2 0.04635416666666667 0.2351063829787234 0.08645833333333333 0.0425531914893617
2 0.04635416666666667 0.2872340425531915 0.08645833333333333 0.0425531914893617
5 0.0546875 0.3414893617021277 0.09791666666666667 0.0425531914893617
5 0.04765625 0.3882978723404255 0.08697916666666666 0.0425531914893617
5 0.057291666666666664 0.4329787234042553 0.10625 0.0425531914893617
2 0.04635416666666667 0.5468085106382978 0.08645833333333333 0.0425531914893617
2 0.04635416666666667 0.48723404255319147 0.08645833333333333 0.0425531914893617
2 0.04635416666666667 0.6090425531914894 0.08645833333333333 0.05425531914893617
5 0.05520833333333333 0.6622340425531915 0.10416666666666667 0.04148936170212766
5 0.04869791666666667 0.7042553191489361 0.09114583333333333 0.0425531914893617
2 0.0453125 0.8553191489361702 0.08645833333333333 0.0425531914893617
5 0.04635416666666667 0.9074468085106383 0.08645833333333333 0.0425531914893617
5 0.051041666666666666 0.7542553191489362 0.09583333333333334 0.0425531914893617
5 0.04869791666666667 0.801063829787234 0.09114583333333333 0.0425531914893617
2 0.04635416666666667 0.9632978723404255 0.08645833333333333 0.05425531914893617
11 0.06458333333333334 0.5297872340425532 0.12916666666666668 0.9382978723404255
0 0.19817708333333334 0.08882978723404256 0.016145833333333335 0.03723404255319149
0 0.14401041666666667 0.0898936170212766 0.016145833333333335 0.035106382978723406
0 0.24557291666666667 0.09095744680851064 0.018229166666666668 0.03297872340425532
0 0.98515625 0.08882978723404256 0.0171875 0.03297872340425532
0 0.94453125 0.08882978723404256 0.016145833333333335 0.03723404255319149
0 0.14296875 0.14095744680851063 0.016145833333333335 0.03723404255319149
0 0.30755208333333334 0.08882978723404256 0.0171875 0.03723404255319149
0 0.36484375 0.08882978723404256 0.016145833333333335 0.03723404255319149
0 0.17109375 0.08882978723404256 0.0171875 0.03297872340425532
0 0.45286458333333335 0.08882978723404256 0.0171875 0.03297872340425532
1 0.24270833333333333 0.1398936170212766 0.18125 0.030851063829787233
1 0.19895833333333332 0.2148936170212766 0.040625 0.06382978723404255
1 0.77109375 0.21436170212765956 0.04635416666666667 0.052127659574468084
1 0.8322916666666667 0.21436170212765956 0.057291666666666664 0.052127659574468084
1 0.9119791666666667 0.2154255319148936 0.05520833333333333 0.05851063829787234
4 0.20989583333333334 0.08882978723404256 0.04375 0.052127659574468084
4 0.26197916666666665 0.09042553191489362 0.05520833333333333 0.04893617021276596
4 0.32083333333333336 0.09042553191489362 0.053125 0.04893617021276596
4 0.39869791666666665 0.09042553191489362 0.0890625 0.04893617021276596
4 0.9559895833333333 0.09148936170212765 0.04635416666666667 0.04680851063829787
13 0.5651041666666666 0.09042553191489362 0.8697916666666666 0.059574468085106386
1 0.7255208333333333 0.21382978723404256 0.029166666666666667 0.04680851063829787
0 0.8934895833333333 0.6962765957446808 0.016145833333333335 0.035106382978723406
0 0.9447916666666667 0.6941489361702128 0.0125 0.035106382978723406
0 0.8744791666666667 0.6962765957446808 0.017708333333333333 0.035106382978723406
6 0.19140625 0.2851063829787234 0.09947916666666666 0.0425531914893617
6 0.296875 0.2851063829787234 0.09583333333333334 0.0425531914893617
6 0.37083333333333335 0.2851063829787234 0.042708333333333334 0.0425531914893617
6 0.4622395833333333 0.2851063829787234 0.1234375 0.0425531914893617
9 0.18619791666666666 0.37340425531914895 0.07760416666666667 0.036170212765957444
14 0.56484375 0.28617021276595744 0.8692708333333333 0.059574468085106386
1 0.91875 0.6973404255319149 0.030208333333333334 0.03297872340425532
1 0.18515625 0.6962765957446808 0.03802083333333333 0.030851063829787233
0 0.8184895833333333 0.37446808510638296 0.018229166666666668 0.03404255319148936
0 0.22135416666666666 0.4324468085106383 0.009375 0.030851063829787233
0 0.34270833333333334 0.43031914893617024 0.009375 0.030851063829787233
0 0.4166666666666667 0.43031914893617024 0.009375 0.030851063829787233
0 0.4859375 0.43031914893617024 0.009375 0.030851063829787233
0 0.6395833333333333 0.4324468085106383 0.009375 0.030851063829787233
0 0.6786458333333333 0.43031914893617024 0.009375 0.030851063829787233
0 0.7872395833333333 0.4324468085106383 0.008854166666666666 0.030851063829787233
0 0.8625 0.4324468085106383 0.009375 0.030851063829787233
0 0.9361979166666666 0.43031914893617024 0.008854166666666666 0.030851063829787233
0 0.6302083333333334 0.4324468085106383 0.009375 0.030851063829787233
0 0.565625 0.4324468085106383 0.009375 0.030851063829787233
0 0.8854166666666666 0.3718085106382979 0.01875 0.03297872340425532
7 0.20859375 0.4319148936170213 0.0390625 0.04042553191489362
7 0.30625 0.4319148936170213 0.08645833333333333 0.04042553191489362
7 0.39114583333333336 0.4319148936170213 0.06458333333333334 0.04042553191489362
7 0.46328125 0.4319148936170213 0.0609375 0.04042553191489362
7 0.5401041666666667 0.4319148936170213 0.06458333333333334 0.04042553191489362
7 0.6140625 0.4319148936170213 0.06666666666666667 0.04042553191489362
7 0.6708333333333333 0.4319148936170213 0.03229166666666667 0.04042553191489362
7 0.7611979166666667 0.4319148936170213 0.06822916666666666 0.04042553191489362
7 0.8369791666666667 0.4319148936170213 0.06666666666666667 0.04042553191489362
7 0.91015625 0.4319148936170213 0.06822916666666666 0.04042553191489362
4 0.83515625 0.37340425531914895 0.0609375 0.04468085106382979
4 0.91953125 0.37340425531914895 0.09114583333333333 0.04468085106382979
15 0.5598958333333334 0.43457446808510636 0.8385416666666666 0.05851063829787234
0 0.15729166666666666 0.21170212765957447 0.03125 0.07021276595744681
0 0.16770833333333332 0.4308510638297872 0.021875 0.0425531914893617
1 0.21640625 0.4898936170212766 0.058854166666666666 0.03297872340425532
1 0.21640625 0.5420212765957447 0.058854166666666666 0.03297872340425532
1 0.21640625 0.600531914893617 0.058854166666666666 0.03297872340425532
1 0.28958333333333336 0.4898936170212766 0.053125 0.03723404255319149
1 0.290625 0.548936170212766 0.053125 0.03829787234042553
1 0.290625 0.601063829787234 0.053125 0.03829787234042553
1 0.38385416666666666 0.4898936170212766 0.052083333333333336 0.03297872340425532
1 0.38385416666666666 0.549468085106383 0.052083333333333336 0.03297872340425532
1 0.38385416666666666 0.6037234042553191 0.052083333333333336 0.03297872340425532
1 0.45755208333333336 0.4920212765957447 0.0515625 0.03297872340425532
1 0.4588541666666667 0.5462765957446809 0.052083333333333336 0.03297872340425532
1 0.45755208333333336 0.6037234042553191 0.0515625 0.03297872340425532
1 0.5328125 0.5462765957446809 0.052083333333333336 0.03297872340425532
1 0.5328125 0.6037234042553191 0.052083333333333336 0.03297872340425532
1 0.75546875 0.4920212765957447 0.0515625 0.03297872340425532
1 0.7567708333333333 0.5462765957446809 0.052083333333333336 0.03297872340425532
1 0.6875 0.4920212765957447 0.06354166666666666 0.03297872340425532
1 0.6864583333333333 0.5462765957446809 0.06354166666666666 0.03297872340425532
1 0.6864583333333333 0.6037234042553191 0.06354166666666666 0.03297872340425532
1 0.6354166666666666 0.4920212765957447 0.021875 0.03297872340425532
1 0.6354166666666666 0.5462765957446809 0.021875 0.03297872340425532
1 0.6364583333333333 0.6037234042553191 0.021875 0.03297872340425532
1 0.8119791666666667 0.4920212765957447 0.021875 0.03297872340425532
1 0.8119791666666667 0.5462765957446809 0.021875 0.03297872340425532
1 0.81328125 0.6037234042553191 0.022395833333333334 0.03297872340425532
3 0.5598958333333334 0.4888297872340426 0.8385416666666666 0.05
3 0.5598958333333334 0.5409574468085107 0.8385416666666666 0.05425531914893617
3 0.5598958333333334 0.5973404255319149 0.8385416666666666 0.05851063829787234
12 0.56484375 0.5585106382978723 0.8692708333333333 0.8765957446808511
