0 0.01484375 0.03031914893617021 0.016145833333333335 0.03297872340425532
0 0.88984375 0.03031914893617021 0.016145833333333335 0.03723404255319149
0 0.8583333333333333 0.032446808510638296 0.017708333333333333 0.03297872340425532
0 0.92109375 0.032446808510638296 0.018229166666666668 0.03297872340425532
0 0.9841145833333333 0.032446808510638296 0.024479166666666666 0.052127659574468084
0 0.9518229166666666 0.032446808510638296 0.0171875 0.03297872340425532
0 0.29244791666666664 0.032446808510638296 0.0171875 0.03297872340425532
1 0.06901041666666667 0.034574468085106384 0.06927083333333334 0.03297872340425532
1 0.13307291666666668 0.03351063829787234 0.024479166666666666 0.030851063829787233
8 0.43255208333333334 0.032446808510638296 0.3026041666666667 0.04148936170212766
10 0.49921875 0.03031914893617021 0.9984375 0.06063829787234042
0 0.014322916666666666 0.0898936170212766 0.015104166666666667 0.035106382978723406
0 0.013541666666666667 0.14095744680851063 0.013541666666666667 0.03297872340425532
0 0.014322916666666666 0.18936170212765957 0.015104166666666667 0.036170212765957444
0 0.013020833333333334 0.23563829787234042 0.0125 0.03297872340425532
0 0.013020833333333334 0.34095744680851064 0.0125 0.03297872340425532
0 0.0140625 0.38670212765957446 0.0125 0.03297872340425532
0 0.013020833333333334 0.43138297872340425 0.0125 0.03297872340425532
0 0.013020833333333334 0.9792553191489362 0.014583333333333334 0.035106382978723406
0 0.013020833333333334 0.9324468085106383 0.014583333333333334 0.035106382978723406
0 0.014322916666666666 0.7223404255319149 0.015104166666666667 0.04042553191489362
0 0.013020833333333334 0.8308510638297872 0.014583333333333334 0.036170212765957444
0 0.103125 0.18776595744680852 0.017708333333333333 0.03297872340425532
0 0.103125 0.23297872340425532 0.017708333333333333 0.03404255319148936
0 0.103125 0.2845744680851064 0.017708333333333333 0.03297872340425532
0 0.10442708333333334 0.4856382978723404 0.0171875 0.03297872340425532
0 0.10442708333333334 0.6079787234042553 0.0171875 0.03297872340425532
0 0.103125 0.6696808510638298 0.017708333333333333 0.03297872340425532
0 0.10442708333333334 0.5462765957446809 0.0171875 0.03297872340425532
0 0.103125 0.775 0.017708333333333333 0.03297872340425532
0 0.103125 0.8813829787234042 0.017708333333333333 0.03297872340425532
2 0.04635416666666667 0.14095744680851063 0.08645833333333333 0.04148936170212766
2 0.04635416666666667 0.18829787234042553 0.08645833333333333 0.0425531914893617
2 0.04635416666666667 0.2351063829787234 0.08645833333333333 0.0425531914893617
2 0.04635416666666667 0.2872340425531915 0.08645833333333333 0.0425531914893617
5 0.0546875 0.3414893617021277 0.09791666666666667 0.0425531914893617
5 0.04765625 0.3882978723404255 0.08697916666666666 0.0425531914893617
5 0.057291666666666664 0.4329787234042553 0.10625 0.0425531914893617
2 0.04635416666666667 0.5468085106382978 0.08645833333333333 0.0425531914893617
2 0.04635416666666667 0.6090425531914894 0.08645833333333333 0.05425531914893617
5 0.04895833333333333 0.7212765957446808 0.09375 0.0425531914893617
2 0.04635416666666667 0.6691489361702128 0.08645833333333333 0.0425531914893617
2 0.04635416666666667 0.48723404255319147 0.08645833333333333 0.0425531914893617
2 0.04635416666666667 0.7792553191489362 0.08645833333333333 0.05425531914893617
5 0.046614583333333334 0.8319148936170213 0.09114583333333333 0.0425531914893617
2 0.0453125 0.8861702127659574 0.08645833333333333 0.0425531914893617
5 0.0453125 0.9361702127659575 0.08645833333333333 0.0425531914893617
5 0.05 0.9781914893617021 0.09583333333333334 0.04148936170212766
11 0.06458333333333334 0.5297872340425532 0.12916666666666668 0.9382978723404255
0 0.14401041666666667 0.0898936170212766 0.016145833333333335 0.035106382978723406
0 0.98515625 0.08882978723404256 0.0171875 0.03297872340425532
0 0.94453125 0.08882978723404256 0.016145833333333335 0.03723404255319149
0 0.33046875 0.09148936170212765 0.0171875 0.03829787234042553
0 0.17109375 0.08882978723404256 0.0171875 0.03297872340425532
0 0.82265625 0.08670212765957447 0.0171875 0.03297872340425532
0 0.5453125 0.08882978723404256 0.017708333333333333 0.03297872340425532
0 0.9760416666666667 0.1579787234042553 0.017708333333333333 0.03297872340425532
0 0.19895833333333332 0.09095744680851064 0.017708333333333333 0.03297872340425532
0 0.24609375 0.08882978723404256 0.0171875 0.03297872340425532
0 0.7346354166666667 0.09095744680851064 0.0171875 0.03297872340425532
0 0.37838541666666664 0.09148936170212765 0.016145833333333335 0.03829787234042553
0 0.2682291666666667 0.18617021276595744 0.010416666666666666 0.023404255319148935
0 0.6942708333333333 0.2398936170212766 0.0125 0.03297872340425532
0 0.4276041666666667 0.08882978723404256 0.017708333333333333 0.03723404255319149
0 0.6296875 0.08882978723404256 0.017708333333333333 0.03723404255319149
0 0.15729166666666666 0.16702127659574467 0.03125 0.06170212765957447
4 0.20885416666666667 0.09148936170212765 0.04375 0.05106382978723404
4 0.2752604166666667 0.09042553191489362 0.0796875 0.04893617021276596
4 0.34088541666666666 0.09042553191489362 0.0453125 0.04893617021276596
4 0.38958333333333334 0.09042553191489362 0.04479166666666667 0.04893617021276596
4 0.47213541666666664 0.09042553191489362 0.11302083333333333 0.04893617021276596
4 0.5736979166666667 0.09042553191489362 0.08072916666666667 0.04893617021276596
4 0.6690104166666667 0.09042553191489362 0.10260416666666666 0.04893617021276596
4 0.76640625 0.08936170212765958 0.08802083333333334 0.04680851063829787
4 0.9552083333333333 0.09042553191489362 0.04479166666666667 0.04893617021276596
13 0.5651041666666666 0.09042553191489362 0.8697916666666666 0.059574468085106386
1 0.7872395833333333 0.16808510638297872 0.0578125 0.06382978723404255
1 0.8565104166666667 0.17180851063829788 0.059895833333333336 0.06063829787234042
1 0.92421875 0.17180851063829788 0.05677083333333333 0.06063829787234042
1 0.20182291666666666 0.15425531914893617 0.04635416666666667 0.04042553191489362
1 0.24296875 0.15425531914893617 0.0359375 0.04042553191489362
1 0.2203125 0.18936170212765957 0.08541666666666667 0.029787234042553193
6 0.16536458333333334 0.24202127659574468 0.05677083333333333 0.052127659574468084
6 0.26067708333333334 0.24202127659574468 0.12239583333333333 0.052127659574468084
6 0.3536458333333333 0.24202127659574468 0.05625 0.052127659574468084
6 0.4640625 0.24202127659574468 0.15729166666666666 0.052127659574468084
6 0.5942708333333333 0.24202127659574468 0.09479166666666666 0.052127659574468084
6 0.6684895833333333 0.24202127659574468 0.0390625 0.052127659574468084
14 0.5645833333333333 0.2425531914893617 0.8708333333333333 0.06595744680851064
1 0.20885416666666667 0.43351063829787234 0.07395833333333333 0.03723404255319149
1 0.21041666666666667 0.4808510638297872 0.07708333333333334 0.03829787234042553
1 0.21510416666666668 0.5324468085106383 0.08645833333333333 0.03723404255319149
1 0.20833333333333334 0.5819148936170213 0.07291666666666667 0.03829787234042553
1 0.21458333333333332 0.6409574468085106 0.08541666666666667 0.05638297872340425
1 0.490625 0.4308510638297872 0.10416666666666667 0.03829787234042553
1 0.4713541666666667 0.47819148936170214 0.065625 0.03723404255319149
1 0.49453125 0.5303191489361702 0.11197916666666667 0.03723404255319149
1 0.48880208333333336 0.5797872340425532 0.10052083333333334 0.03829787234042553
1 0.48932291666666666 0.6292553191489362 0.1015625 0.03723404255319149
1 0.7622395833333333 0.4441489361702128 0.11197916666666667 0.05851063829787234
1 0.74453125 0.5148936170212766 0.0765625 0.059574468085106386
1 0.7606770833333333 0.5877659574468085 0.10885416666666667 0.05851063829787234
1 0.76015625 0.7164893617021276 0.1078125 0.03723404255319149
1 0.75703125 0.7659574468085106 0.1015625 0.03829787234042553
1 0.7502604166666667 0.6563829787234042 0.08802083333333334 0.059574468085106386
1 0.29192708333333334 0.43351063829787234 0.0234375 0.03723404255319149
1 0.29192708333333334 0.4851063829787234 0.0234375 0.03829787234042553
1 0.29192708333333334 0.5345744680851063 0.0234375 0.03723404255319149
1 0.29192708333333334 0.5845744680851064 0.0234375 0.03723404255319149
1 0.29192708333333334 0.6340425531914894 0.0234375 0.03829787234042553
1 0.5609375 0.4308510638297872 0.022916666666666665 0.03829787234042553
1 0.5609375 0.4829787234042553 0.022916666666666665 0.03829787234042553
1 0.5609375 0.5324468085106383 0.022916666666666665 0.03723404255319149
1 0.5609375 0.5819148936170213 0.022916666666666665 0.03829787234042553
1 0.5609375 0.6313829787234042 0.022916666666666665 0.03723404255319149
1 0.8299479166666667 0.43351063829787234 0.0234375 0.03723404255319149
1 0.8299479166666667 0.5765957446808511 0.0234375 0.03829787234042553
1 0.8299479166666667 0.649468085106383 0.0234375 0.03723404255319149
1 0.8299479166666667 0.7196808510638298 0.0234375 0.03723404255319149
1 0.8299479166666667 0.7664893617021277 0.0234375 0.03723404255319149
1 0.8299479166666667 0.5042553191489362 0.0234375 0.03829787234042553
3 0.29010416666666666 0.4324468085106383 0.2625 0.05
3 0.29010416666666666 0.4819148936170213 0.2625 0.04893617021276596
3 0.29010416666666666 0.5313829787234042 0.2625 0.05
3 0.29010416666666666 0.5808510638297872 0.2625 0.04893617021276596
3 0.29010416666666666 0.6409574468085106 0.2625 0.07127659574468086
3 0.5591145833333333 0.4308510638297872 0.26197916666666665 0.04680851063829787
3 0.5591145833333333 0.47819148936170214 0.26197916666666665 0.047872340425531915
3 0.5591145833333333 0.526595744680851 0.26197916666666665 0.04893617021276596
3 0.5591145833333333 0.5771276595744681 0.26197916666666665 0.052127659574468084
3 0.5591145833333333 0.6303191489361702 0.26197916666666665 0.05425531914893617
3 0.82890625 0.4430851063829787 0.2609375 0.07127659574468086
3 0.82890625 0.5138297872340426 0.2609375 0.07021276595744681
3 0.82890625 0.5845744680851064 0.2609375 0.07127659574468086
3 0.82890625 0.6553191489361702 0.2609375 0.07021276595744681
3 0.82890625 0.7138297872340426 0.2609375 0.04680851063829787
3 0.82890625 0.7643617021276595 0.2609375 0.05425531914893617
12 0.5651041666666666 0.5601063829787234 0.8697916666666666 0.8797872340425532
