0 0.014721345951629864 0.03036876355748373 0.015772870662460567 0.03253796095444685
0 0.8898527865404837 0.02982646420824295 0.01629863301787592 0.03796095444685466
0 0.8583070452155626 0.03253796095444685 0.017350157728706624 0.03253796095444685
0 0.9213985278654049 0.03253796095444685 0.01840168243953733 0.03253796095444685
0 0.9842271293375394 0.03253796095444685 0.024185068349106203 0.052060737527114966
0 0.9518927444794952 0.03253796095444685 0.017350157728706624 0.03253796095444685
0 0.29258675078864355 0.03253796095444685 0.017350157728706624 0.03253796095444685
1 0.06887486855941115 0.03470715835140998 0.0694006309148265 0.03253796095444685
1 0.13301787592008413 0.033622559652928416 0.024185068349106203 0.03036876355748373
8 0.4327024185068349 0.03253796095444685 0.3028391167192429 0.04338394793926247
10 0.499211356466877 0.03036876355748373 0.998422712933754 0.06073752711496746
0 0.014195583596214511 0.13177874186550975 0.012618296529968454 0.033622559652928416
0 0.014195583596214511 0.17678958785249457 0.012618296529968454 0.03253796095444685
0 0.014195583596214511 0.2239696312364425 0.012618296529968454 0.033622559652928416
0 0.01288117770767613 0.6003253796095445 0.015247108307045216 0.04013015184381779
0 0.01288117770767613 0.5059652928416486 0.015247108307045216 0.04013015184381779
0 0.014195583596214511 0.4582429501084599 0.014721345951629864 0.04013015184381779
0 0.014195583596214511 0.5504338394793926 0.014721345951629864 0.04013015184381779
0 0.01288117770767613 0.9723427331887202 0.015247108307045216 0.03579175704989154
0 0.01288117770767613 0.9251626898047722 0.015247108307045216 0.03470715835140998
0 0.014195583596214511 0.7077006507592191 0.014721345951629864 0.04013015184381779
0 0.01288117770767613 0.8188720173535792 0.015247108307045216 0.03470715835140998
0 0.014195583596214511 0.09056399132321041 0.014721345951629864 0.03579175704989154
0 0.10541535226077813 0.2787418655097614 0.017350157728706624 0.03253796095444685
0 0.10541535226077813 0.3378524945770065 0.017350157728706624 0.033622559652928416
0 0.10541535226077813 0.8736442516268981 0.017350157728706624 0.033622559652928416
0 0.10436382754994743 0.40130151843817785 0.017350157728706624 0.03253796095444685
0 0.10436382754994743 0.6507592190889371 0.017350157728706624 0.03253796095444685
0 0.10436382754994743 0.7592190889370932 0.017350157728706624 0.03253796095444685
2 0.04311251314405889 0.6523861171366594 0.08622502628811778 0.04229934924078091
5 0.04784437434279706 0.7093275488069414 0.0935856992639327 0.052060737527114966
2 0.04652996845425868 0.764642082429501 0.08675078864353312 0.05422993492407809
5 0.04652996845425868 0.8177874186550976 0.09095688748685594 0.04338394793926247
2 0.04416403785488959 0.8768980477223427 0.08622502628811778 0.04229934924078091
5 0.04416403785488959 0.9262472885032538 0.08622502628811778 0.04338394793926247
5 0.04889589905362776 0.9690889370932755 0.09568874868559411 0.04229934924078091
5 0.05441640378548896 0.13177874186550975 0.09831756046267087 0.04229934924078091
5 0.04758149316508938 0.17950108459869848 0.08675078864353312 0.04229934924078091
5 0.057308096740273394 0.2239696312364425 0.10620399579390116 0.04229934924078091
2 0.04758149316508938 0.34436008676789587 0.08675078864353312 0.04229934924078091
2 0.04758149316508938 0.28524945770065074 0.08675078864353312 0.04338394793926247
2 0.04652996845425868 0.40455531453362253 0.08675078864353312 0.05422993492407809
5 0.055205047318611984 0.4571583514099783 0.10410094637223975 0.04229934924078091
5 0.04889589905362776 0.49945770065075923 0.0914826498422713 0.04229934924078091
5 0.05099894847528917 0.5493492407809111 0.09568874868559411 0.04229934924078091
5 0.04889589905362776 0.596529284164859 0.0914826498422713 0.04338394793926247
11 0.06440588853838065 0.529826464208243 0.1288117770767613 0.938177874186551
0 0.1440588853838065 0.09056399132321041 0.015772870662460567 0.03579175704989154
0 0.22739221871713985 0.0938177874186551 0.01629863301787592 0.033622559652928416
0 0.9855415352260778 0.08893709327548807 0.017350157728706624 0.03253796095444685
0 0.2820715036803365 0.6529284164859002 0.015247108307045216 0.028199566160520606
0 0.27996845425867506 0.8698481561822126 0.017350157728706624 0.03253796095444685
0 0.9566246056782335 0.915943600867679 0.017350157728706624 0.03579175704989154
0 0.9566246056782335 0.9821041214750542 0.017350157728706624 0.03579175704989154
0 0.9442691903259727 0.08947939262472886 0.015772870662460567 0.03796095444685466
0 0.14274447949526814 0.14099783080260303 0.01629863301787592 0.0368763557483731
0 0.3372765509989485 0.09164859002169197 0.017350157728706624 0.03796095444685466
0 0.39563617245005256 0.0938177874186551 0.01629863301787592 0.03796095444685466
0 0.48396424815983174 0.09164859002169197 0.017350157728706624 0.033622559652928416
0 0.20005257623554154 0.09164859002169197 0.017350157728706624 0.033622559652928416
0 0.1729758149316509 0.0938177874186551 0.01892744479495268 0.04229934924078091
0 0.15851735015772872 0.21420824295010846 0.031019978969505785 0.07049891540130152
1 0.24263932702418506 0.1399132321041215 0.18138801261829654 0.03036876355748373
1 0.2005783385909569 0.21529284164859003 0.04363827549947424 0.06832971800433839
1 0.8222923238696109 0.21637744034707157 0.0473186119873817 0.0509761388286334
1 0.8819663512092534 0.21637744034707157 0.055205047318611984 0.0509761388286334
1 0.9466351209253417 0.21529284164859003 0.055205047318611984 0.0596529284164859
1 0.7762881177707676 0.21420824295010846 0.028916929547844375 0.046637744034707156
6 0.1937434279705573 0.2868763557483731 0.10357518401682439 0.04229934924078091
6 0.297055730809674 0.2868763557483731 0.09568874868559411 0.04229934924078091
6 0.37092534174553105 0.2868763557483731 0.04258675078864353 0.04229934924078091
6 0.4645110410094637 0.2868763557483731 0.1277602523659306 0.04229934924078091
14 0.5651945320715037 0.29067245119305857 0.8696109358569927 0.05856832971800434
4 0.2386961093585699 0.0938177874186551 0.04416403785488959 0.0509761388286334
4 0.2917981072555205 0.0911062906724512 0.05573080967402734 0.052060737527114966
4 0.3535751840168244 0.09002169197396963 0.054153522607781286 0.049891540130151846
4 0.4292849631966351 0.09002169197396963 0.08780231335436382 0.049891540130151846
4 0.955310199789695 0.09002169197396963 0.0452155625657203 0.049891540130151846
13 0.5644058885383807 0.0911062906724512 0.8711882229232387 0.05639913232104121
9 0.19768664563617244 0.3747288503253796 0.09568874868559411 0.04229934924078091
9 0.6203995793901157 0.3725596529284165 0.09568874868559411 0.04229934924078091
1 0.18743427970557308 0.45281995661605207 0.052050473186119876 0.03796095444685466
1 0.19321766561514195 0.5157266811279827 0.06361724500525763 0.03796095444685466
1 0.1861198738170347 0.5845986984815619 0.04942166140904311 0.0368763557483731
1 0.18401682439537329 0.6529284164859002 0.0452155625657203 0.0368763557483731
1 0.18743427970557308 0.7239696312364425 0.052050473186119876 0.03796095444685466
1 0.20005257623554154 0.7988069414316703 0.07728706624605679 0.03796095444685466
1 0.18506834910620398 0.8649674620390455 0.0473186119873817 0.03796095444685466
1 0.17981072555205047 0.9311279826464208 0.03680336487907466 0.03796095444685466
1 0.30231335436382756 0.45010845986984815 0.06729758149316509 0.0368763557483731
1 0.28023133543638273 0.5233188720173536 0.023133543638275498 0.03796095444685466
1 0.3028391167192429 0.5845986984815619 0.0683491062039958 0.0368763557483731
1 0.3007360672975815 0.6550976138828634 0.024185068349106203 0.03253796095444685
1 0.28391167192429023 0.7239696312364425 0.025236593059936908 0.03796095444685466
1 0.28391167192429023 0.8042299349240781 0.023133543638275498 0.03796095444685466
1 0.31098843322818087 0.8660520607375272 0.04468980021030494 0.04013015184381779
1 0.305205047318612 0.938177874186551 0.033123028391167195 0.0368763557483731
1 0.6088328075709779 0.45281995661605207 0.05152471083070452 0.03796095444685466
1 0.6246056782334385 0.5184381778741866 0.08307045215562565 0.0368763557483731
1 0.6261829652996845 0.5818872017353579 0.08622502628811778 0.03796095444685466
1 0.6353838065194533 0.6480477223427332 0.1046267087276551 0.03796095444685466
1 0.619348054679285 0.7120390455531453 0.07255520504731862 0.03796095444685466
1 0.6251314405888538 0.7825379609544468 0.08412197686645637 0.03796095444685466
1 0.6217139852786541 0.8443600867678959 0.07728706624605679 0.03796095444685466
1 0.613564668769716 0.9170281995661606 0.060988433228180865 0.03796095444685466
1 0.6151419558359621 0.9880694143167028 0.06729758149316509 0.02386117136659436
1 0.7368559411146162 0.4549891540130152 0.08675078864353312 0.03796095444685466
1 0.7202944269190326 0.5233188720173536 0.05362776025236593 0.03796095444685466
1 0.7116193480546793 0.5894793926247288 0.03627760252365931 0.03796095444685466
1 0.7315983175604627 0.6502169197396963 0.07623554153522608 0.03796095444685466
1 0.7287066246056783 0.7185466377440347 0.07045215562565721 0.03796095444685466
1 0.7287066246056783 0.78470715835141 0.07045215562565721 0.03796095444685466
1 0.7160883280757098 0.8508676789587852 0.0452155625657203 0.03796095444685466
1 0.7218717139852786 0.9148590021691974 0.056782334384858045 0.03796095444685466
1 0.7087276550998949 0.987527114967462 0.023133543638275498 0.0227765726681128
3 0.3491062039957939 0.4463123644251627 0.41219768664563616 0.07266811279826464
3 0.3491062039957939 0.5195227765726681 0.41219768664563616 0.0737527114967462
3 0.3491062039957939 0.586767895878525 0.41219768664563616 0.06073752711496746
3 0.3491062039957939 0.722885032537961 0.41219768664563616 0.06399132321041215
3 0.3491062039957939 0.653470715835141 0.41219768664563616 0.07266811279826464
3 0.3491062039957939 0.7906724511930586 0.41219768664563616 0.0737527114967462
3 0.3491062039957939 0.863882863340564 0.41219768664563616 0.07266811279826464
3 0.3491062039957939 0.9322125813449024 0.41219768664563616 0.06399132321041215
3 0.7720820189274448 0.4463123644251627 0.41587802313354366 0.07266811279826464
3 0.7720820189274448 0.5135574837310195 0.41587802313354366 0.06182212581344902
3 0.7720820189274448 0.5775488069414316 0.41587802313354366 0.06616052060737528
3 0.7720820189274448 0.6437093275488069 0.41587802313354366 0.06616052060737528
3 0.7720820189274448 0.7098698481561823 0.41587802313354366 0.06616052060737528
3 0.7720820189274448 0.7754880694143167 0.41587802313354366 0.0650759219088937
3 0.7720820189274448 0.8449023861171366 0.41587802313354366 0.0737527114967462
3 0.7720820189274448 0.9148590021691974 0.41587802313354366 0.06616052060737528
0 0.27996845425867506 0.9360086767895879 0.017350157728706624 0.03253796095444685
0 0.27576235541535227 0.09164859002169197 0.01840168243953733 0.033622559652928416
3 0.7720820189274448 0.9739696312364425 0.41587802313354366 0.052060737527114966
12 0.5644058885383807 0.5601952277657267 0.8711882229232387 0.8796095444685467
