0 0.01484375 0.03031914893617021 0.016145833333333335 0.03297872340425532
0 0.88984375 0.03031914893617021 0.016145833333333335 0.03723404255319149
0 0.8583333333333333 0.032446808510638296 0.017708333333333333 0.03297872340425532
0 0.92109375 0.032446808510638296 0.018229166666666668 0.03297872340425532
0 0.9841145833333333 0.032446808510638296 0.024479166666666666 0.052127659574468084
0 0.9518229166666666 0.032446808510638296 0.0171875 0.03297872340425532
0 0.29244791666666664 0.032446808510638296 0.0171875 0.03297872340425532
1 0.06901041666666667 0.034574468085106384 0.06927083333333334 0.03297872340425532
1 0.13307291666666668 0.03351063829787234 0.024479166666666666 0.030851063829787233
8 0.43255208333333334 0.032446808510638296 0.3026041666666667 0.04148936170212766
10 0.49921875 0.03031914893617021 0.9984375 0.06063829787234042
0 0.014322916666666666 0.0898936170212766 0.015104166666666667 0.035106382978723406
0 0.013541666666666667 0.14095744680851063 0.013541666666666667 0.03297872340425532
0 0.014322916666666666 0.18936170212765957 0.015104166666666667 0.036170212765957444
0 0.013020833333333334 0.23563829787234042 0.0125 0.03297872340425532
0 0.013541666666666667 0.6090425531914894 0.013541666666666667 0.039361702127659576
0 0.013020833333333334 0.6595744680851063 0.017708333333333333 0.0425531914893617
0 0.014322916666666666 0.7648936170212766 0.015104166666666667 0.04042553191489362
0 0.013802083333333333 0.5627659574468085 0.016145833333333335 0.0425531914893617
0 0.013802083333333333 0.5175531914893617 0.016145833333333335 0.035106382978723406
0 0.11458333333333333 0.18776595744680852 0.017708333333333333 0.03297872340425532
0 0.11458333333333333 0.2845744680851064 0.017708333333333333 0.03297872340425532
0 0.11458333333333333 0.23297872340425532 0.017708333333333333 0.03404255319148936
0 0.11588541666666667 0.34627659574468084 0.0171875 0.03297872340425532
0 0.11588541666666667 0.4047872340425532 0.0171875 0.03297872340425532
0 0.11588541666666667 0.8175531914893617 0.0171875 0.03297872340425532
0 0.11458333333333333 0.877127659574468 0.017708333333333333 0.03297872340425532
0 0.11458333333333333 0.4664893617021277 0.017708333333333333 0.03297872340425532
0 0.11588541666666667 0.7122340425531914 0.0171875 0.03297872340425532
2 0.05234375 0.14095744680851063 0.0984375 0.04148936170212766
2 0.05234375 0.18829787234042553 0.0984375 0.0425531914893617
2 0.05234375 0.2351063829787234 0.0984375 0.0425531914893617
2 0.05234375 0.28936170212765955 0.0984375 0.0425531914893617
2 0.05234375 0.34893617021276596 0.0984375 0.0425531914893617
2 0.051041666666666666 0.4074468085106383 0.09791666666666667 0.0425531914893617
2 0.05 0.46382978723404256 0.09791666666666667 0.0425531914893617
5 0.05390625 0.5180851063829788 0.10364583333333334 0.0425531914893617
5 0.05390625 0.5627659574468085 0.10364583333333334 0.0425531914893617
5 0.05390625 0.6079787234042553 0.10364583333333334 0.04148936170212766
5 0.05390625 0.6595744680851063 0.10364583333333334 0.0425531914893617
2 0.051041666666666666 0.7138297872340426 0.09791666666666667 0.0425531914893617
2 0.053385416666666664 0.8202127659574469 0.0984375 0.0425531914893617
2 0.05234375 0.8787234042553191 0.0984375 0.0425531914893617
5 0.05520833333333333 0.7659574468085106 0.10416666666666667 0.0425531914893617
11 0.06458333333333334 0.5297872340425532 0.12916666666666668 0.9382978723404255
0 0.22630208333333332 0.08882978723404256 0.016145833333333335 0.03723404255319149
0 0.14401041666666667 0.0898936170212766 0.016145833333333335 0.035106382978723406
0 0.2734375 0.09095744680851064 0.01875 0.03297872340425532
0 0.98515625 0.08882978723404256 0.0171875 0.03297872340425532
0 0.2786458333333333 0.6388297872340426 0.014583333333333334 0.02872340425531915
0 0.2786458333333333 0.850531914893617 0.017708333333333333 0.03297872340425532
0 0.9565104166666667 0.8968085106382979 0.0171875 0.036170212765957444
0 0.9565104166666667 0.9696808510638298 0.0171875 0.035106382978723406
0 0.94453125 0.08882978723404256 0.016145833333333335 0.03723404255319149
0 0.14296875 0.14095744680851063 0.016145833333333335 0.03723404255319149
0 0.33307291666666666 0.08882978723404256 0.0171875 0.03723404255319149
0 0.39140625 0.08882978723404256 0.016145833333333335 0.03723404255319149
0 0.47942708333333334 0.08882978723404256 0.0171875 0.03297872340425532
0 0.19765625 0.08882978723404256 0.0171875 0.03297872340425532
0 0.17057291666666666 0.09148936170212765 0.018229166666666668 0.0425531914893617
0 0.15729166666666666 0.21170212765957447 0.03125 0.07021276595744681
1 0.24270833333333333 0.1398936170212766 0.18125 0.030851063829787233
1 0.20520833333333333 0.2127659574468085 0.05520833333333333 0.06808510638297872
1 0.8184895833333333 0.21436170212765956 0.044270833333333336 0.052127659574468084
1 0.8822916666666667 0.21170212765957447 0.06354166666666666 0.05106382978723404
1 0.95234375 0.2127659574468085 0.05572916666666667 0.059574468085106386
1 0.7716145833333333 0.21648936170212765 0.028645833333333332 0.047872340425531915
6 0.19140625 0.2851063829787234 0.09947916666666666 0.0425531914893617
6 0.296875 0.2851063829787234 0.09583333333333334 0.0425531914893617
6 0.37083333333333335 0.2851063829787234 0.042708333333333334 0.0425531914893617
6 0.4622395833333333 0.2851063829787234 0.1234375 0.0425531914893617
14 0.56484375 0.28617021276595744 0.8692708333333333 0.059574468085106386
4 0.23645833333333333 0.09148936170212765 0.04375 0.05106382978723404
4 0.28958333333333336 0.09148936170212765 0.05520833333333333 0.05106382978723404
4 0.34791666666666665 0.09042553191489362 0.05416666666666667 0.04893617021276596
4 0.42473958333333334 0.09042553191489362 0.08802083333333334 0.04893617021276596
4 0.9552083333333333 0.09042553191489362 0.04479166666666667 0.04893617021276596
13 0.5643229166666667 0.08882978723404256 0.8703125 0.05638297872340425
9 0.196875 0.3606382978723404 0.09583333333333334 0.0425531914893617
9 0.6192708333333333 0.3579787234042553 0.09583333333333334 0.04148936170212766
1 0.18619791666666666 0.43829787234042555 0.0515625 0.03829787234042553
1 0.1921875 0.5015957446808511 0.06354166666666666 0.03723404255319149
1 0.18515625 0.5702127659574469 0.049479166666666664 0.03829787234042553
1 0.1828125 0.6388297872340426 0.04479166666666667 0.03723404255319149
1 0.18619791666666666 0.7095744680851064 0.0515625 0.03829787234042553
1 0.19895833333333332 0.7845744680851063 0.07708333333333334 0.03723404255319149
1 0.18411458333333333 0.851063829787234 0.04739583333333333 0.03829787234042553
1 0.17890625 0.9170212765957447 0.03697916666666667 0.03829787234042553
1 0.18515625 0.9829787234042553 0.049479166666666664 0.03829787234042553
1 0.30104166666666665 0.43563829787234043 0.06666666666666667 0.03723404255319149
1 0.2791666666666667 0.5090425531914894 0.022916666666666665 0.03723404255319149
1 0.30182291666666666 0.5702127659574469 0.06822916666666666 0.03829787234042553
1 0.30078125 0.6430851063829788 0.0265625 0.03723404255319149
1 0.2791666666666667 0.7143617021276596 0.022916666666666665 0.03723404255319149
1 0.2791666666666667 0.7893617021276595 0.022916666666666665 0.03829787234042553
1 0.3 0.851063829787234 0.025 0.03829787234042553
1 0.2791666666666667 0.923936170212766 0.022916666666666665 0.03723404255319149
1 0.2791666666666667 0.9877659574468085 0.022916666666666665 0.03723404255319149
1 0.6078125 0.43829787234042555 0.052083333333333336 0.03829787234042553
1 0.6234375 0.5042553191489362 0.08333333333333333 0.03829787234042553
1 0.625 0.5680851063829787 0.08645833333333333 0.03829787234042553
1 0.634375 0.6340425531914894 0.10520833333333333 0.03829787234042553
1 0.6182291666666667 0.6973404255319149 0.07291666666666667 0.03723404255319149
1 0.6239583333333333 0.7686170212765957 0.084375 0.03723404255319149
1 0.6203125 0.8297872340425532 0.07708333333333334 0.03829787234042553
1 0.6122395833333333 0.9026595744680851 0.0609375 0.03723404255319149
1 0.6153645833333333 0.9712765957446808 0.0671875 0.03829787234042553
1 0.7734375 0.44042553191489364 0.16145833333333334 0.03829787234042553
1 0.7192708333333333 0.5090425531914894 0.053125 0.03723404255319149
1 0.7104166666666667 0.575 0.035416666666666666 0.03723404255319149
1 0.7307291666666667 0.6361702127659574 0.07604166666666666 0.03829787234042553
1 0.7278645833333334 0.7047872340425532 0.0703125 0.03723404255319149
1 0.7278645833333334 0.7707446808510638 0.0703125 0.03723404255319149
1 0.7151041666666667 0.8367021276595744 0.04479166666666667 0.03723404255319149
1 0.7208333333333333 0.9005319148936171 0.05625 0.03723404255319149
1 0.7052083333333333 0.973404255319149 0.022916666666666665 0.03829787234042553
3 0.34791666666666665 0.4324468085106383 0.4125 0.07340425531914893
3 0.34791666666666665 0.5053191489361702 0.4125 0.07234042553191489
3 0.34791666666666665 0.5723404255319149 0.4125 0.06170212765957447
3 0.34791666666666665 0.6361702127659574 0.4125 0.06595744680851064
3 0.34791666666666665 0.7058510638297872 0.4125 0.07340425531914893
3 0.34791666666666665 0.7792553191489362 0.4125 0.07340425531914893
3 0.34791666666666665 0.8521276595744681 0.4125 0.07234042553191489
3 0.34791666666666665 0.9202127659574468 0.4125 0.06382978723404255
3 0.34791666666666665 0.976063829787234 0.4125 0.047872340425531915
3 0.77109375 0.4324468085106383 0.4161458333333333 0.07340425531914893
3 0.77109375 0.49946808510638296 0.4161458333333333 0.06063829787234042
3 0.77109375 0.5627659574468085 0.4161458333333333 0.06595744680851064
3 0.77109375 0.6287234042553191 0.4161458333333333 0.06595744680851064
3 0.77109375 0.6952127659574469 0.4161458333333333 0.06702127659574468
3 0.77109375 0.7617021276595745 0.4161458333333333 0.06595744680851064
3 0.77109375 0.8308510638297872 0.4161458333333333 0.07234042553191489
3 0.77109375 0.9 0.4161458333333333 0.06595744680851064
3 0.77109375 0.9659574468085106 0.4161458333333333 0.06595744680851064
12 0.5645833333333333 0.5606382978723404 0.8708333333333333 0.8787234042553191
