0 0.01484375 0.03031914893617021 0.016145833333333335 0.03297872340425532
0 0.88984375 0.03031914893617021 0.016145833333333335 0.03723404255319149
0 0.8583333333333333 0.032446808510638296 0.017708333333333333 0.03297872340425532
0 0.92109375 0.032446808510638296 0.018229166666666668 0.03297872340425532
0 0.9841145833333333 0.032446808510638296 0.024479166666666666 0.052127659574468084
0 0.9518229166666666 0.032446808510638296 0.0171875 0.03297872340425532
0 0.29244791666666664 0.032446808510638296 0.0171875 0.03297872340425532
1 0.06901041666666667 0.034574468085106384 0.06927083333333334 0.03297872340425532
1 0.13307291666666668 0.03351063829787234 0.024479166666666666 0.030851063829787233
8 0.43255208333333334 0.032446808510638296 0.3026041666666667 0.04148936170212766
10 0.49921875 0.03031914893617021 0.9984375 0.06063829787234042
0 0.014322916666666666 0.0898936170212766 0.015104166666666667 0.035106382978723406
0 0.013541666666666667 0.14095744680851063 0.013541666666666667 0.03297872340425532
0 0.014322916666666666 0.18936170212765957 0.015104166666666667 0.036170212765957444
0 0.013020833333333334 0.23563829787234042 0.0125 0.03297872340425532
0 0.013541666666666667 0.6090425531914894 0.013541666666666667 0.039361702127659576
0 0.013020833333333334 0.6595744680851063 0.017708333333333333 0.0425531914893617
0 0.014322916666666666 0.7648936170212766 0.015104166666666667 0.04042553191489362
0 0.013802083333333333 0.5627659574468085 0.016145833333333335 0.0425531914893617
0 0.013802083333333333 0.5175531914893617 0.016145833333333335 0.035106382978723406
0 0.11458333333333333 0.18776595744680852 0.017708333333333333 0.03297872340425532
0 0.11458333333333333 0.2845744680851064 0.017708333333333333 0.03297872340425532
0 0.11458333333333333 0.23297872340425532 0.017708333333333333 0.03404255319148936
0 0.11588541666666667 0.34627659574468084 0.0171875 0.03297872340425532
0 0.11588541666666667 0.4047872340425532 0.0171875 0.03297872340425532
0 0.11588541666666667 0.8175531914893617 0.0171875 0.03297872340425532
0 0.11458333333333333 0.877127659574468 0.017708333333333333 0.03297872340425532
0 0.11458333333333333 0.4664893617021277 0.017708333333333333 0.03297872340425532
0 0.11588541666666667 0.7122340425531914 0.0171875 0.03297872340425532
2 0.05234375 0.14095744680851063 0.0984375 0.04148936170212766
2 0.05234375 0.18829787234042553 0.0984375 0.0425531914893617
2 0.05234375 0.2351063829787234 0.0984375 0.0425531914893617
2 0.05234375 0.28936170212765955 0.0984375 0.0425531914893617
2 0.05234375 0.34893617021276596 0.0984375 0.0425531914893617
2 0.051041666666666666 0.4074468085106383 0.09791666666666667 0.0425531914893617
2 0.05 0.46382978723404256 0.09791666666666667 0.0425531914893617
5 0.05390625 0.5180851063829788 0.10364583333333334 0.0425531914893617
5 0.05390625 0.5627659574468085 0.10364583333333334 0.0425531914893617
5 0.05390625 0.6079787234042553 0.10364583333333334 0.04148936170212766
5 0.05390625 0.6595744680851063 0.10364583333333334 0.0425531914893617
2 0.051041666666666666 0.7138297872340426 0.09791666666666667 0.0425531914893617
2 0.053385416666666664 0.8202127659574469 0.0984375 0.0425531914893617
2 0.05234375 0.8787234042553191 0.0984375 0.0425531914893617
5 0.05520833333333333 0.7659574468085106 0.10416666666666667 0.0425531914893617
11 0.06458333333333334 0.5297872340425532 0.12916666666666668 0.9382978723404255
8 0.9208333333333333 0.15531914893617021 0.11666666666666667 0.04680851063829787
0 0.14401041666666667 0.0898936170212766 0.016145833333333335 0.035106382978723406
0 0.24661458333333333 0.09148936170212765 0.016145833333333335 0.03829787234042553
0 0.37734375 0.09095744680851064 0.018229166666666668 0.03297872340425532
0 0.2953125 0.08882978723404256 0.013541666666666667 0.03297872340425532
0 0.43854166666666666 0.08776595744680851 0.013541666666666667 0.039361702127659576
0 0.17005208333333333 0.0898936170212766 0.015104166666666667 0.035106382978723406
0 0.24505208333333334 0.1579787234042553 0.0171875 0.03297872340425532
0 0.7059895833333333 0.1574468085106383 0.0171875 0.03829787234042553
0 0.79140625 0.15425531914893617 0.015104166666666667 0.04042553191489362
0 0.21223958333333334 0.21968085106382979 0.008854166666666666 0.030851063829787233
0 0.321875 0.21968085106382979 0.009375 0.030851063829787233
0 0.40963541666666664 0.22234042553191488 0.008854166666666666 0.029787234042553193
0 0.4973958333333333 0.22234042553191488 0.009375 0.029787234042553193
0 0.6130208333333333 0.22234042553191488 0.009375 0.029787234042553193
0 0.7109375 0.22234042553191488 0.009375 0.029787234042553193
0 0.8427083333333333 0.21968085106382979 0.009375 0.030851063829787233
0 0.9489583333333333 0.21968085106382979 0.009375 0.030851063829787233
0 0.14791666666666667 0.22127659574468084 0.021875 0.0425531914893617
0 0.7778645833333333 0.27180851063829786 0.016145833333333335 0.039361702127659576
0 0.7778645833333333 0.32872340425531915 0.016145833333333335 0.04042553191489362
0 0.7794270833333333 0.3851063829787234 0.016145833333333335 0.04042553191489362
0 0.7768229166666667 0.43936170212765957 0.016145833333333335 0.04042553191489362
0 0.7778645833333333 0.4957446808510638 0.016145833333333335 0.04042553191489362
0 0.7794270833333333 0.5526595744680851 0.016145833333333335 0.039361702127659576
0 0.7768229166666667 0.6069148936170212 0.016145833333333335 0.039361702127659576
0 0.7778645833333333 0.6611702127659574 0.016145833333333335 0.039361702127659576
0 0.7768229166666667 0.7175531914893617 0.016145833333333335 0.039361702127659576
0 0.7768229166666667 0.8287234042553191 0.016145833333333335 0.04042553191489362
0 0.7778645833333333 0.8829787234042553 0.016145833333333335 0.04042553191489362
0 0.7768229166666667 0.7718085106382979 0.016145833333333335 0.039361702127659576
0 0.7768229166666667 0.9372340425531915 0.016145833333333335 0.04042553191489362
0 0.8778645833333333 0.27074468085106385 0.015104166666666667 0.03723404255319149
0 0.8778645833333333 0.325 0.015104166666666667 0.03723404255319149
0 0.8778645833333333 0.38138297872340426 0.015104166666666667 0.03723404255319149
0 0.8778645833333333 0.43563829787234043 0.015104166666666667 0.03723404255319149
0 0.87890625 0.4946808510638298 0.015104166666666667 0.03829787234042553
0 0.87890625 0.548936170212766 0.015104166666666667 0.03829787234042553
0 0.8778645833333333 0.6058510638297873 0.015104166666666667 0.03723404255319149
0 0.8778645833333333 0.6601063829787234 0.015104166666666667 0.03723404255319149
0 0.8778645833333333 0.7186170212765958 0.015104166666666667 0.03723404255319149
0 0.87890625 0.7707446808510638 0.015104166666666667 0.03723404255319149
0 0.87890625 0.8297872340425532 0.015104166666666667 0.03829787234042553
0 0.8778645833333333 0.8840425531914894 0.015104166666666667 0.03829787234042553
0 0.87890625 0.9382978723404255 0.015104166666666667 0.03829787234042553
0 0.9247395833333333 0.9723404255319149 0.016145833333333335 0.036170212765957444
0 0.9770833333333333 0.9723404255319149 0.0125 0.036170212765957444
0 0.90546875 0.9723404255319149 0.0171875 0.036170212765957444
0 0.3138020833333333 0.22074468085106383 0.008854166666666666 0.03297872340425532
1 0.17473958333333334 0.973404255319149 0.058854166666666666 0.027659574468085105
1 0.9513020833333333 0.9744680851063829 0.027604166666666666 0.02553191489361702
4 0.19322916666666667 0.08882978723404256 0.07291666666666667 0.05638297872340425
4 0.2578125 0.0898936170212766 0.04479166666666667 0.05425531914893617
4 0.3229166666666667 0.08882978723404256 0.07604166666666666 0.05638297872340425
4 0.39453125 0.08882978723404256 0.059895833333333336 0.05638297872340425
4 0.4765625 0.0898936170212766 0.096875 0.05425531914893617
4 0.73359375 0.15585106382978722 0.08177083333333333 0.05425531914893617
4 0.81484375 0.15585106382978722 0.06927083333333334 0.05425531914893617
1 0.1890625 0.15531914893617021 0.08541666666666667 0.04680851063829787
1 0.19557291666666668 0.4329787234042553 0.058854166666666666 0.0425531914893617
1 0.19453125 0.37659574468085105 0.058854166666666666 0.0425531914893617
1 0.19453125 0.324468085106383 0.058854166666666666 0.0425531914893617
1 0.19453125 0.27074468085106385 0.058854166666666666 0.04148936170212766
1 0.19557291666666668 0.49042553191489363 0.058854166666666666 0.0425531914893617
1 0.19557291666666668 0.5468085106382978 0.058854166666666666 0.0425531914893617
1 0.19557291666666668 0.6031914893617021 0.058854166666666666 0.0425531914893617
1 0.19557291666666668 0.6574468085106383 0.0609375 0.0425531914893617
1 0.19036458333333334 0.7138297872340426 0.050520833333333334 0.0425531914893617
1 0.19453125 0.7707446808510638 0.058854166666666666 0.04148936170212766
1 0.19296875 0.824468085106383 0.058854166666666666 0.0425531914893617
1 0.19296875 0.8819148936170212 0.058854166666666666 0.0425531914893617
1 0.27786458333333336 0.27074468085106385 0.025520833333333333 0.04148936170212766
1 0.27786458333333336 0.324468085106383 0.025520833333333333 0.0425531914893617
1 0.27786458333333336 0.3819148936170213 0.025520833333333333 0.0425531914893617
1 0.27786458333333336 0.44042553191489364 0.025520833333333333 0.0425531914893617
1 0.27786458333333336 0.4946808510638298 0.025520833333333333 0.0425531914893617
1 0.27786458333333336 0.548936170212766 0.025520833333333333 0.0425531914893617
1 0.27786458333333336 0.6053191489361702 0.025520833333333333 0.0425531914893617
1 0.27786458333333336 0.6595744680851063 0.027604166666666666 0.0425531914893617
1 0.27786458333333336 0.7164893617021276 0.027604166666666666 0.04148936170212766
1 0.27682291666666664 0.7734042553191489 0.025520833333333333 0.0425531914893617
1 0.27682291666666664 0.8276595744680851 0.025520833333333333 0.0425531914893617
1 0.27786458333333336 0.8840425531914894 0.025520833333333333 0.0425531914893617
1 0.4119791666666667 0.27180851063829786 0.08958333333333333 0.039361702127659576
1 0.41067708333333336 0.325 0.09010416666666667 0.047872340425531915
1 0.41119791666666666 0.38138297872340426 0.09114583333333333 0.047872340425531915
1 0.41119791666666666 0.43829787234042555 0.09114583333333333 0.04680851063829787
1 0.41067708333333336 0.4946808510638298 0.09010416666666667 0.04680851063829787
1 0.41067708333333336 0.551063829787234 0.09010416666666667 0.04680851063829787
1 0.41015625 0.6079787234042553 0.0890625 0.047872340425531915
1 0.40963541666666664 0.6622340425531915 0.08802083333333334 0.047872340425531915
1 0.40911458333333334 0.7191489361702128 0.0890625 0.04680851063829787
1 0.41015625 0.7755319148936171 0.09114583333333333 0.04680851063829787
1 0.41015625 0.8840425531914894 0.0890625 0.04680851063829787
1 0.39505208333333336 0.8297872340425532 0.058854166666666666 0.04680851063829787
1 0.47604166666666664 0.27074468085106385 0.019791666666666666 0.04148936170212766
1 0.47604166666666664 0.3819148936170213 0.019791666666666666 0.0425531914893617
1 0.47604166666666664 0.43829787234042555 0.019791666666666666 0.0425531914893617
1 0.475 0.4925531914893617 0.019791666666666666 0.0425531914893617
1 0.475 0.548936170212766 0.019791666666666666 0.0425531914893617
1 0.47604166666666664 0.6053191489361702 0.019791666666666666 0.0425531914893617
1 0.47604166666666664 0.6622340425531915 0.019791666666666666 0.04148936170212766
1 0.47604166666666664 0.7164893617021276 0.019791666666666666 0.04148936170212766
1 0.47604166666666664 0.7734042553191489 0.019791666666666666 0.0425531914893617
1 0.475 0.8840425531914894 0.019791666666666666 0.0425531914893617
1 0.6088541666666667 0.32340425531914896 0.084375 0.04468085106382979
1 0.5838541666666667 0.49361702127659574 0.03229166666666667 0.04042553191489362
1 0.6041666666666666 0.6031914893617021 0.075 0.04680851063829787
1 0.6106770833333334 0.7707446808510638 0.0921875 0.052127659574468084
1 0.60546875 0.826063829787234 0.08177083333333333 0.05
1 0.6135416666666667 0.9404255319148936 0.09375 0.04680851063829787
1 0.8119791666666667 0.27180851063829786 0.052083333333333336 0.039361702127659576
1 0.81328125 0.33085106382978724 0.0515625 0.04042553191489362
1 0.81328125 0.3851063829787234 0.0515625 0.04042553191489362
1 0.8119791666666667 0.43936170212765957 0.052083333333333336 0.04042553191489362
1 0.8119791666666667 0.4957446808510638 0.052083333333333336 0.04042553191489362
1 0.81328125 0.5547872340425531 0.0515625 0.039361702127659576
1 0.8109375 0.6069148936170212 0.052083333333333336 0.039361702127659576
1 0.8119791666666667 0.6632978723404256 0.052083333333333336 0.039361702127659576
1 0.8119791666666667 0.7175531914893617 0.052083333333333336 0.039361702127659576
1 0.81328125 0.776595744680851 0.0515625 0.04042553191489362
1 0.8119791666666667 0.8329787234042553 0.052083333333333336 0.04042553191489362
1 0.8119791666666667 0.8872340425531915 0.052083333333333336 0.04042553191489362
1 0.90390625 0.26861702127659576 0.03697916666666667 0.03723404255319149
1 0.90390625 0.3223404255319149 0.03697916666666667 0.03829787234042553
1 0.9049479166666666 0.3792553191489362 0.03697916666666667 0.03723404255319149
1 0.9059895833333333 0.43563829787234043 0.03697916666666667 0.03723404255319149
1 0.9049479166666666 0.4898936170212766 0.03697916666666667 0.03723404255319149
1 0.90390625 0.5468085106382978 0.03697916666666667 0.03829787234042553
1 0.90390625 0.601063829787234 0.03697916666666667 0.03829787234042553
1 0.9049479166666666 0.6574468085106383 0.03697916666666667 0.03829787234042553
1 0.9049479166666666 0.7143617021276596 0.03697916666666667 0.03723404255319149
1 0.90390625 0.7686170212765957 0.03697916666666667 0.03723404255319149
1 0.9049479166666666 0.8271276595744681 0.03697916666666667 0.03723404255319149
1 0.9049479166666666 0.8861702127659574 0.03697916666666667 0.03829787234042553
1 0.19453125 0.9404255319148936 0.058854166666666666 0.0425531914893617
1 0.27786458333333336 0.9404255319148936 0.025520833333333333 0.0425531914893617
1 0.41015625 0.9382978723404255 0.0890625 0.04680851063829787
1 0.47604166666666664 0.3276595744680851 0.019791666666666666 0.0425531914893617
1 0.475 0.8297872340425532 0.019791666666666666 0.0425531914893617
1 0.47604166666666664 0.9404255319148936 0.019791666666666666 0.0425531914893617
1 0.5828125 0.4372340425531915 0.03229166666666667 0.04042553191489362
1 0.5838541666666667 0.5478723404255319 0.03229166666666667 0.04042553191489362
1 0.5838541666666667 0.7154255319148937 0.03229166666666667 0.039361702127659576
1 0.5828125 0.8851063829787233 0.03229166666666667 0.04042553191489362
1 0.6059895833333333 0.3829787234042553 0.07864583333333333 0.04468085106382979
1 0.71328125 0.326063829787234 0.08802083333333334 0.045744680851063826
1 0.684375 0.49148936170212765 0.03229166666666667 0.04042553191489362
1 0.715625 0.601063829787234 0.09270833333333334 0.04680851063829787
1 0.7127604166666667 0.7707446808510638 0.08697916666666666 0.052127659574468084
1 0.6817708333333333 0.826063829787234 0.03125 0.05
1 0.7122395833333334 0.9382978723404255 0.08802083333333334 0.04680851063829787
1 0.684375 0.4372340425531915 0.03229166666666667 0.04042553191489362
1 0.684375 0.5478723404255319 0.03229166666666667 0.04042553191489362
1 0.684375 0.7154255319148937 0.03229166666666667 0.039361702127659576
1 0.684375 0.8851063829787233 0.03229166666666667 0.04042553191489362
1 0.7127604166666667 0.3803191489361702 0.09114583333333333 0.045744680851063826
1 0.8119791666666667 0.9393617021276596 0.052083333333333336 0.04042553191489362
1 0.9049479166666666 0.9356382978723404 0.03697916666666667 0.03723404255319149
13 0.5651041666666666 0.0925531914893617 0.8697916666666666 0.059574468085106386
7 0.19322916666666667 0.22127659574468084 0.05625 0.05106382978723404
7 0.29713541666666665 0.22127659574468084 0.06822916666666666 0.05106382978723404
7 0.390625 0.21861702127659574 0.052083333333333336 0.052127659574468084
7 0.48515625 0.21861702127659574 0.03802083333333333 0.052127659574468084
7 0.5950520833333334 0.22127659574468084 0.0515625 0.05106382978723404
7 0.6921875 0.22127659574468084 0.052083333333333336 0.05106382978723404
7 0.8096354166666667 0.22127659574468084 0.0796875 0.05106382978723404
7 0.91484375 0.22127659574468084 0.08697916666666666 0.05106382978723404
15 0.5651041666666666 0.22021276595744682 0.8697916666666666 0.06382978723404255
3 0.5651041666666666 0.3281914893617021 0.8697916666666666 0.05425531914893617
3 0.5651041666666666 0.3824468085106383 0.8697916666666666 0.05425531914893617
3 0.5651041666666666 0.43670212765957445 0.8697916666666666 0.05425531914893617
3 0.5651041666666666 0.49361702127659574 0.8697916666666666 0.059574468085106386
3 0.5651041666666666 0.550531914893617 0.8697916666666666 0.05425531914893617
3 0.56484375 0.6058510638297873 0.8692708333333333 0.05638297872340425
3 0.56484375 0.6622340425531915 0.8692708333333333 0.05638297872340425
3 0.5651041666666666 0.7175531914893617 0.8697916666666666 0.05425531914893617
3 0.5651041666666666 0.7718085106382979 0.8697916666666666 0.05425531914893617
3 0.56484375 0.8281914893617022 0.8692708333333333 0.05851063829787234
3 0.5651041666666666 0.8845744680851064 0.8697916666666666 0.05425531914893617
3 0.5651041666666666 0.9388297872340425 0.8697916666666666 0.05425531914893617
3 0.56484375 0.2765957446808511 0.8692708333333333 0.04893617021276596
12 0.56484375 0.5611702127659575 0.8692708333333333 0.8776595744680851
