0 0.014721345951629864 0.03036876355748373 0.015772870662460567 0.03253796095444685
0 0.8898527865404837 0.02982646420824295 0.01629863301787592 0.03796095444685466
0 0.8583070452155626 0.03253796095444685 0.017350157728706624 0.03253796095444685
0 0.9213985278654049 0.03253796095444685 0.01840168243953733 0.03253796095444685
0 0.9842271293375394 0.03253796095444685 0.024185068349106203 0.052060737527114966
0 0.9518927444794952 0.03253796095444685 0.017350157728706624 0.03253796095444685
0 0.29258675078864355 0.03253796095444685 0.017350157728706624 0.03253796095444685
1 0.06887486855941115 0.03470715835140998 0.0694006309148265 0.03253796095444685
1 0.13301787592008413 0.033622559652928416 0.024185068349106203 0.03036876355748373
8 0.4327024185068349 0.03253796095444685 0.3028391167192429 0.04338394793926247
10 0.499211356466877 0.03036876355748373 0.998422712933754 0.06073752711496746
0 0.014195583596214511 0.09056399132321041 0.014721345951629864 0.03579175704989154
0 0.013669821240799159 0.14099783080260303 0.013669821240799159 0.03253796095444685
0 0.014195583596214511 0.18926247288503253 0.014721345951629864 0.03579175704989154
0 0.013144058885383806 0.23535791757049893 0.012618296529968454 0.03253796095444685
0 0.01288117770767613 0.7803687635574837 0.015247108307045216 0.04013015184381779
0 0.01288117770767613 0.6719088937093276 0.015247108307045216 0.04013015184381779
0 0.01288117770767613 0.5775488069414316 0.015247108307045216 0.04013015184381779
0 0.014195583596214511 0.529826464208243 0.014721345951629864 0.04013015184381779
0 0.014195583596214511 0.6220173535791758 0.014721345951629864 0.04013015184381779
0 0.014195583596214511 0.8893709327548807 0.014721345951629864 0.03470715835140998
0 0.11593059936908517 0.19522776572668113 0.017350157728706624 0.03253796095444685
0 0.11593059936908517 0.24023861171366595 0.017350157728706624 0.033622559652928416
0 0.11593059936908517 0.2917570498915401 0.017350157728706624 0.03253796095444685
0 0.11593059936908517 0.3541214750542299 0.017350157728706624 0.033622559652928416
0 0.11593059936908517 0.4137744034707158 0.017350157728706624 0.033622559652928416
0 0.11698212407991587 0.47559652928416485 0.017350157728706624 0.033622559652928416
0 0.11593059936908517 0.7299349240780911 0.017350157728706624 0.03253796095444685
0 0.11698212407991587 0.8345986984815619 0.017350157728706624 0.033622559652928416
0 0.11593059936908517 0.9425162689804772 0.017350157728706624 0.03253796095444685
2 0.04652996845425868 0.14099783080260303 0.08675078864353312 0.04338394793926247
2 0.04652996845425868 0.18817787418655096 0.08675078864353312 0.04229934924078091
2 0.04652996845425868 0.23535791757049893 0.08675078864353312 0.04338394793926247
2 0.04863301787592009 0.294468546637744 0.08675078864353312 0.04229934924078091
2 0.04758149316508938 0.41594360086767895 0.08675078864353312 0.04229934924078091
2 0.04758149316508938 0.35629067245119306 0.08675078864353312 0.04229934924078091
2 0.05099894847528917 0.47830802603036876 0.0935856992639327 0.05422993492407809
5 0.05625657202944269 0.5309110629067245 0.10410094637223975 0.04229934924078091
5 0.049947423764458466 0.5737527114967462 0.0914826498422713 0.04338394793926247
2 0.04652996845425868 0.7272234273318872 0.08675078864353312 0.04229934924078091
5 0.04758149316508938 0.7792841648590022 0.08675078864353312 0.04229934924078091
5 0.05231335436382755 0.6231019522776573 0.09621451104100946 0.04229934924078091
5 0.049947423764458466 0.670824295010846 0.0914826498422713 0.04229934924078091
2 0.05441640378548896 0.8345986984815619 0.10042060988433228 0.04229934924078091
5 0.042849631966351207 0.8888286334056399 0.07728706624605679 0.04229934924078091
2 0.04758149316508938 0.9441431670281996 0.08675078864353312 0.04229934924078091
11 0.06440588853838065 0.529826464208243 0.1288117770767613 0.938177874186551
0 0.2392218717139853 0.23318872017353579 0.010515247108307046 0.02386117136659436
0 0.15851735015772872 0.21475054229934923 0.031019978969505785 0.06073752711496746
4 0.2455310199789695 0.0911062906724512 0.05993690851735016 0.052060737527114966
4 0.40799158780231337 0.09002169197396963 0.07991587802313355 0.049891540130151846
4 0.33543638275499477 0.09002169197396963 0.058885383806519455 0.049891540130151846
4 0.4802839116719243 0.09002169197396963 0.05310199789695058 0.049891540130151846
4 0.5557308096740273 0.09002169197396963 0.08937960042060988 0.049891540130151846
4 0.955310199789695 0.09002169197396963 0.0452155625657203 0.049891540130151846
13 0.5651945320715037 0.09273318872017354 0.8696109358569927 0.0596529284164859
1 0.24631966351209253 0.14099783080260303 0.19085173501577288 0.03253796095444685
1 0.21109358569926392 0.20119305856832972 0.06677181913774974 0.04013015184381779
1 0.3017875920084122 0.2044468546637744 0.035751840168243953 0.04013015184381779
1 0.19085173501577288 0.23698481561822127 0.028391167192429023 0.031453362255965296
6 0.16771819137749738 0.2874186550976139 0.056782334384858045 0.052060737527114966
6 0.22266035751840169 0.2874186550976139 0.04153522607781283 0.052060737527114966
6 0.28496319663512093 0.2874186550976139 0.07886435331230283 0.052060737527114966
14 0.5644058885383807 0.28796095444685466 0.8711882229232387 0.06616052060737528
0 0.1440588853838065 0.09056399132321041 0.015772870662460567 0.03579175704989154
0 0.20005257623554154 0.09164859002169197 0.017350157728706624 0.033622559652928416
0 0.1706098843322818 0.09164859002169197 0.01840168243953733 0.04229934924078091
0 0.9855415352260778 0.08893709327548807 0.017350157728706624 0.03253796095444685
0 0.14274447949526814 0.14099783080260303 0.01629863301787592 0.0368763557483731
0 0.9442691903259727 0.08947939262472886 0.015772870662460567 0.03796095444685466
0 0.3183491062039958 0.09164859002169197 0.01840168243953733 0.033622559652928416
0 0.5228706624605678 0.09164859002169197 0.01840168243953733 0.03796095444685466
0 0.6101472134595163 0.09164859002169197 0.017350157728706624 0.033622559652928416
0 0.29153522607781285 0.0938177874186551 0.017350157728706624 0.033622559652928416
0 0.37907465825446895 0.0938177874186551 0.016824395373291272 0.033622559652928416
0 0.2279179810725552 0.09164859002169197 0.017350157728706624 0.033622559652928416
0 0.46503680336487907 0.0938177874186551 0.01629863301787592 0.03796095444685466
1 0.2202944269190326 0.23698481561822127 0.030494216614090432 0.031453362255965296
9 0.19085173501577288 0.3676789587852495 0.08201892744479496 0.0455531453362256
9 0.5328601472134595 0.3676789587852495 0.07728706624605679 0.0455531453362256
1 0.1926919032597266 0.4495661605206074 0.06256572029442692 0.03796095444685466
1 0.19321766561514195 0.5157266811279827 0.06572029442691903 0.03796095444685466
1 0.1827024185068349 0.5829718004338394 0.04258675078864353 0.03796095444685466
1 0.1995268138801262 0.6491323210412148 0.07623554153522608 0.03796095444685466
1 0.20425867507886436 0.7163774403470716 0.08569926393270241 0.03796095444685466
1 0.17875920084121977 0.78470715835141 0.03470031545741325 0.03796095444685466
1 0.17350157728706625 0.8519522776572668 0.024185068349106203 0.03796095444685466
1 0.2820715036803365 0.4539045553145336 0.017350157728706624 0.03796095444685466
1 0.2820715036803365 0.5233188720173536 0.017350157728706624 0.03796095444685466
1 0.2820715036803365 0.5894793926247288 0.017350157728706624 0.03796095444685466
1 0.30336487907465826 0.6545553145336226 0.05993690851735016 0.03796095444685466
1 0.2820715036803365 0.7207158351409978 0.017350157728706624 0.03796095444685466
1 0.2820715036803365 0.7901301518438177 0.017350157728706624 0.03796095444685466
1 0.2820715036803365 0.8562906724511931 0.017350157728706624 0.03796095444685466
3 0.3086225026288118 0.4506507592190889 0.3333333333333333 0.06399132321041215
3 0.3086225026288118 0.514642082429501 0.3333333333333333 0.06399132321041215
3 0.3086225026288118 0.5824295010845987 0.3333333333333333 0.07158351409978309
3 0.3086225026288118 0.6507592190889371 0.3333333333333333 0.0650759219088937
3 0.3086225026288118 0.7185466377440347 0.3333333333333333 0.07049891540130152
3 0.3086225026288118 0.7863340563991323 0.3333333333333333 0.0650759219088937
3 0.3086225026288118 0.8508676789587852 0.3333333333333333 0.06399132321041215
1 0.5481072555205048 0.44739696312364424 0.08569926393270241 0.03796095444685466
1 0.5273396424815984 0.5135574837310195 0.04416403785488959 0.03796095444685466
1 0.5262881177707676 0.5808026030368764 0.04206098843322818 0.03796095444685466
1 0.5262881177707676 0.6491323210412148 0.04206098843322818 0.03796095444685466
1 0.5197160883280757 0.7163774403470716 0.028916929547844375 0.03796095444685466
1 0.5404837013669821 0.7825379609544468 0.07045215562565721 0.03796095444685466
1 0.5452155625657203 0.8519522776572668 0.07991587802313355 0.03796095444685466
1 0.5433753943217665 0.9181127982646421 0.07623554153522608 0.03796095444685466
1 0.5383806519453207 0.987527114967462 0.06624605678233439 0.03796095444685466
1 0.6569400630914827 0.4495661605206074 0.07833859095688749 0.03796095444685466
1 0.655099894847529 0.5189804772234273 0.07465825446898001 0.03796095444685466
1 0.6277602523659306 0.5873101952277657 0.023133543638275498 0.03796095444685466
1 0.6277602523659306 0.6567245119305857 0.023133543638275498 0.03796095444685466
1 0.631440588853838 0.722885032537961 0.027339642481598318 0.03796095444685466
1 0.6277602523659306 0.7879609544468547 0.023133543638275498 0.03796095444685466
1 0.6277602523659306 0.85412147505423 0.023133543638275498 0.03796095444685466
1 0.6430073606729758 0.920824295010846 0.050473186119873815 0.039045553145336226
1 0.629074658254469 0.9880694143167028 0.02260778128286015 0.02386117136659436
3 0.732912723449001 0.44848156182212584 0.4921135646687697 0.06399132321041215
3 0.732912723449001 0.512472885032538 0.4921135646687697 0.06399132321041215
3 0.732912723449001 0.5813449023861171 0.4921135646687697 0.0737527114967462
3 0.732912723449001 0.6529284164859002 0.4921135646687697 0.06941431670281996
3 0.732912723449001 0.7185466377440347 0.4921135646687697 0.06182212581344902
3 0.732912723449001 0.7852494577006508 0.4921135646687697 0.07158351409978309
3 0.732912723449001 0.8530368763557483 0.4921135646687697 0.06399132321041215
3 0.732912723449001 0.9170281995661606 0.4921135646687697 0.06399132321041215
3 0.732912723449001 0.9745119305856833 0.4921135646687697 0.0509761388286334
12 0.564931650893796 0.561822125813449 0.8690851735015773 0.8763557483731019
