0 0.01484375 0.03031914893617021 0.016145833333333335 0.03297872340425532
0 0.88984375 0.03031914893617021 0.016145833333333335 0.03723404255319149
0 0.8583333333333333 0.032446808510638296 0.017708333333333333 0.03297872340425532
0 0.92109375 0.032446808510638296 0.018229166666666668 0.03297872340425532
0 0.9841145833333333 0.032446808510638296 0.024479166666666666 0.052127659574468084
0 0.9518229166666666 0.032446808510638296 0.0171875 0.03297872340425532
0 0.29244791666666664 0.032446808510638296 0.0171875 0.03297872340425532
1 0.06901041666666667 0.034574468085106384 0.06927083333333334 0.03297872340425532
1 0.13307291666666668 0.03351063829787234 0.024479166666666666 0.030851063829787233
8 0.43255208333333334 0.032446808510638296 0.3026041666666667 0.04148936170212766
10 0.49921875 0.03031914893617021 0.9984375 0.06063829787234042
0 0.014322916666666666 0.0898936170212766 0.015104166666666667 0.035106382978723406
0 0.013541666666666667 0.14095744680851063 0.013541666666666667 0.03297872340425532
0 0.014322916666666666 0.18936170212765957 0.015104166666666667 0.036170212765957444
0 0.013020833333333334 0.23563829787234042 0.0125 0.03297872340425532
0 0.013541666666666667 0.6090425531914894 0.013541666666666667 0.039361702127659576
0 0.013020833333333334 0.6595744680851063 0.017708333333333333 0.0425531914893617
0 0.014322916666666666 0.7648936170212766 0.015104166666666667 0.04042553191489362
0 0.013802083333333333 0.5627659574468085 0.016145833333333335 0.0425531914893617
0 0.013802083333333333 0.5175531914893617 0.016145833333333335 0.035106382978723406
0 0.11458333333333333 0.18776595744680852 0.017708333333333333 0.03297872340425532
0 0.11458333333333333 0.2845744680851064 0.017708333333333333 0.03297872340425532
0 0.11458333333333333 0.23297872340425532 0.017708333333333333 0.03404255319148936
0 0.11588541666666667 0.34627659574468084 0.0171875 0.03297872340425532
0 0.11588541666666667 0.4047872340425532 0.0171875 0.03297872340425532
0 0.11588541666666667 0.8175531914893617 0.0171875 0.03297872340425532
0 0.11458333333333333 0.877127659574468 0.017708333333333333 0.03297872340425532
0 0.11458333333333333 0.4664893617021277 0.017708333333333333 0.03297872340425532
0 0.11588541666666667 0.7122340425531914 0.0171875 0.03297872340425532
2 0.05234375 0.14095744680851063 0.0984375 0.04148936170212766
2 0.05234375 0.18829787234042553 0.0984375 0.0425531914893617
2 0.05234375 0.2351063829787234 0.0984375 0.0425531914893617
2 0.05234375 0.28936170212765955 0.0984375 0.0425531914893617
2 0.05234375 0.34893617021276596 0.0984375 0.0425531914893617
2 0.051041666666666666 0.4074468085106383 0.09791666666666667 0.0425531914893617
2 0.05 0.46382978723404256 0.09791666666666667 0.0425531914893617
5 0.05390625 0.5180851063829788 0.10364583333333334 0.0425531914893617
5 0.05390625 0.5627659574468085 0.10364583333333334 0.0425531914893617
5 0.05390625 0.6079787234042553 0.10364583333333334 0.04148936170212766
5 0.05390625 0.6595744680851063 0.10364583333333334 0.0425531914893617
2 0.051041666666666666 0.7138297872340426 0.09791666666666667 0.0425531914893617
2 0.053385416666666664 0.8202127659574469 0.0984375 0.0425531914893617
2 0.05234375 0.8787234042553191 0.0984375 0.0425531914893617
5 0.05520833333333333 0.7659574468085106 0.10416666666666667 0.0425531914893617
11 0.06458333333333334 0.5297872340425532 0.12916666666666668 0.9382978723404255
0 0.9703125 0.11542553191489362 0.017708333333333333 0.03297872340425532
0 0.17630208333333333 0.3595744680851064 0.03697916666666667 0.06382978723404255
0 0.17630208333333333 0.43936170212765957 0.03697916666666667 0.06382978723404255
0 0.17630208333333333 0.5170212765957447 0.03697916666666667 0.06382978723404255
0 0.17526041666666667 0.5973404255319149 0.03697916666666667 0.0627659574468085
0 0.17526041666666667 0.6728723404255319 0.03697916666666667 0.0627659574468085
0 0.17421875 0.7531914893617021 0.03697916666666667 0.06382978723404255
0 0.17630208333333333 0.8308510638297872 0.03697916666666667 0.06382978723404255
0 0.73125 0.11595744680851064 0.014583333333333334 0.04042553191489362
0 0.8184895833333333 0.9675531914893617 0.016145833333333335 0.035106382978723406
0 0.94609375 0.9675531914893617 0.013020833333333334 0.035106382978723406
0 0.79609375 0.9654255319148937 0.0171875 0.035106382978723406
0 0.9674479166666666 0.9654255319148937 0.016145833333333335 0.035106382978723406
0 0.3203125 0.26861702127659576 0.0125 0.03297872340425532
0 0.38255208333333335 0.26648936170212767 0.013020833333333334 0.03297872340425532
0 0.44609375 0.26648936170212767 0.013020833333333334 0.03297872340425532
9 0.20416666666666666 0.1148936170212766 0.11041666666666666 0.0425531914893617
4 0.7455729166666667 0.11648936170212766 0.0484375 0.05
8 0.8721354166666667 0.11595744680851064 0.1765625 0.04042553191489362
1 0.18463541666666666 0.19787234042553192 0.06927083333333334 0.0425531914893617
1 0.22213541666666667 0.9675531914893617 0.1515625 0.035106382978723406
1 0.88203125 0.9664893617021276 0.10364583333333334 0.03297872340425532
7 0.22604166666666667 0.2675531914893617 0.0625 0.05425531914893617
7 0.31276041666666665 0.2675531914893617 0.034895833333333334 0.05425531914893617
7 0.3703125 0.2675531914893617 0.041666666666666664 0.05425531914893617
7 0.42864583333333334 0.2675531914893617 0.05416666666666667 0.05425531914893617
7 0.4903645833333333 0.2675531914893617 0.0484375 0.05425531914893617
7 0.5505208333333333 0.2675531914893617 0.041666666666666664 0.05425531914893617
7 0.6291666666666667 0.2675531914893617 0.06666666666666667 0.05425531914893617
7 0.7057291666666666 0.2675531914893617 0.052083333333333336 0.05425531914893617
7 0.8184895833333333 0.2675531914893617 0.07864583333333333 0.05425531914893617
7 0.890625 0.2675531914893617 0.05625 0.05425531914893617
1 0.28203125 0.1973404255319149 0.10989583333333333 0.03297872340425532
15 0.56328125 0.26861702127659576 0.8265625 0.07553191489361702
1 0.22161458333333334 0.3638297872340426 0.04635416666666667 0.036170212765957444
1 0.22265625 0.4441489361702128 0.04635416666666667 0.035106382978723406
1 0.2265625 0.5218085106382979 0.05625 0.035106382978723406
1 0.22604166666666667 0.5994680851063829 0.05520833333333333 0.035106382978723406
1 0.23307291666666666 0.6776595744680851 0.0671875 0.036170212765957444
1 0.22552083333333334 0.7436170212765958 0.052083333333333336 0.036170212765957444
1 0.22369791666666666 0.8335106382978723 0.0484375 0.035106382978723406
1 0.30572916666666666 0.36117021276595745 0.022916666666666665 0.035106382978723406
1 0.30572916666666666 0.4420212765957447 0.022916666666666665 0.035106382978723406
1 0.30572916666666666 0.5196808510638298 0.022916666666666665 0.035106382978723406
1 0.30572916666666666 0.5973404255319149 0.022916666666666665 0.035106382978723406
1 0.3067708333333333 0.675 0.022916666666666665 0.035106382978723406
1 0.30572916666666666 0.7553191489361702 0.022916666666666665 0.036170212765957444
1 0.3067708333333333 0.8335106382978723 0.022916666666666665 0.035106382978723406
1 0.35598958333333336 0.3638297872340426 0.019270833333333334 0.036170212765957444
1 0.3572916666666667 0.4420212765957447 0.019791666666666666 0.035106382978723406
1 0.35598958333333336 0.5218085106382979 0.019270833333333334 0.035106382978723406
1 0.3572916666666667 0.5973404255319149 0.019791666666666666 0.035106382978723406
1 0.3572916666666667 0.6728723404255319 0.019791666666666666 0.035106382978723406
1 0.35598958333333336 0.7526595744680851 0.019270833333333334 0.035106382978723406
1 0.35598958333333336 0.8335106382978723 0.019270833333333334 0.035106382978723406
1 0.41380208333333335 0.36117021276595745 0.0265625 0.035106382978723406
1 0.41380208333333335 0.4420212765957447 0.0265625 0.035106382978723406
1 0.41380208333333335 0.5196808510638298 0.0265625 0.035106382978723406
1 0.41380208333333335 0.5973404255319149 0.0265625 0.035106382978723406
1 0.41380208333333335 0.675 0.0265625 0.035106382978723406
1 0.4127604166666667 0.7553191489361702 0.0265625 0.036170212765957444
1 0.41380208333333335 0.8308510638297872 0.0265625 0.036170212765957444
1 0.47109375 0.3638297872340426 0.016145833333333335 0.036170212765957444
1 0.47109375 0.4420212765957447 0.016145833333333335 0.035106382978723406
1 0.47109375 0.5196808510638298 0.016145833333333335 0.035106382978723406
1 0.47109375 0.5994680851063829 0.016145833333333335 0.035106382978723406
1 0.47109375 0.6776595744680851 0.016145833333333335 0.036170212765957444
1 0.47109375 0.7553191489361702 0.016145833333333335 0.036170212765957444
1 0.47109375 0.8308510638297872 0.016145833333333335 0.036170212765957444
1 0.5356770833333333 0.3638297872340426 0.016145833333333335 0.036170212765957444
1 0.6002604166666666 0.36117021276595745 0.016145833333333335 0.035106382978723406
1 0.6856770833333333 0.36117021276595745 0.016145833333333335 0.035106382978723406
1 0.78359375 0.36117021276595745 0.016145833333333335 0.035106382978723406
1 0.5356770833333333 0.4441489361702128 0.016145833333333335 0.035106382978723406
1 0.6002604166666666 0.4420212765957447 0.016145833333333335 0.035106382978723406
1 0.6846354166666667 0.4420212765957447 0.016145833333333335 0.035106382978723406
1 0.7825520833333334 0.4420212765957447 0.016145833333333335 0.035106382978723406
1 0.53671875 0.5196808510638298 0.016145833333333335 0.035106382978723406
1 0.5356770833333333 0.5973404255319149 0.016145833333333335 0.035106382978723406
1 0.5356770833333333 0.6776595744680851 0.016145833333333335 0.036170212765957444
1 0.53671875 0.7579787234042553 0.016145833333333335 0.035106382978723406
1 0.53671875 0.8335106382978723 0.016145833333333335 0.035106382978723406
1 0.6013020833333333 0.5196808510638298 0.016145833333333335 0.035106382978723406
1 0.6856770833333333 0.5218085106382979 0.016145833333333335 0.035106382978723406
1 0.78359375 0.5218085106382979 0.016145833333333335 0.035106382978723406
1 0.6013020833333333 0.6021276595744681 0.016145833333333335 0.036170212765957444
1 0.6856770833333333 0.5994680851063829 0.016145833333333335 0.035106382978723406
1 0.78359375 0.5994680851063829 0.016145833333333335 0.035106382978723406
1 0.6013020833333333 0.675 0.016145833333333335 0.035106382978723406
1 0.6856770833333333 0.6776595744680851 0.016145833333333335 0.036170212765957444
1 0.78359375 0.6776595744680851 0.016145833333333335 0.036170212765957444
1 0.6002604166666666 0.7553191489361702 0.016145833333333335 0.036170212765957444
1 0.6013020833333333 0.8335106382978723 0.016145833333333335 0.035106382978723406
1 0.6856770833333333 0.7553191489361702 0.016145833333333335 0.036170212765957444
1 0.6856770833333333 0.8308510638297872 0.016145833333333335 0.036170212765957444
1 0.7825520833333334 0.7553191489361702 0.016145833333333335 0.036170212765957444
1 0.7825520833333334 0.8335106382978723 0.016145833333333335 0.035106382978723406
1 0.88828125 0.36117021276595745 0.05677083333333333 0.035106382978723406
1 0.9020833333333333 0.4420212765957447 0.08229166666666667 0.035106382978723406
1 0.8893229166666666 0.5196808510638298 0.05677083333333333 0.035106382978723406
1 0.88828125 0.5994680851063829 0.05677083333333333 0.035106382978723406
1 0.8893229166666666 0.6776595744680851 0.05677083333333333 0.036170212765957444
1 0.8893229166666666 0.7526595744680851 0.05677083333333333 0.035106382978723406
1 0.9020833333333333 0.8308510638297872 0.08229166666666667 0.036170212765957444
3 0.5643229166666667 0.36223404255319147 0.8265625 0.07553191489361702
3 0.5643229166666667 0.43936170212765957 0.8265625 0.07872340425531915
3 0.5643229166666667 0.5159574468085106 0.8265625 0.07446808510638298
3 0.5643229166666667 0.5936170212765958 0.8265625 0.08085106382978724
3 0.5643229166666667 0.673936170212766 0.8265625 0.0797872340425532
3 0.5643229166666667 0.7515957446808511 0.8265625 0.07553191489361702
3 0.5643229166666667 0.8319148936170213 0.8265625 0.0851063829787234
12 0.5645833333333333 0.5303191489361702 0.8708333333333333 0.9393617021276596
