0 0.01484375 0.03031914893617021 0.016145833333333335 0.03297872340425532
0 0.88984375 0.03031914893617021 0.016145833333333335 0.03723404255319149
0 0.8583333333333333 0.032446808510638296 0.017708333333333333 0.03297872340425532
0 0.92109375 0.032446808510638296 0.018229166666666668 0.03297872340425532
0 0.9841145833333333 0.032446808510638296 0.024479166666666666 0.052127659574468084
0 0.9518229166666666 0.032446808510638296 0.0171875 0.03297872340425532
0 0.29244791666666664 0.032446808510638296 0.0171875 0.03297872340425532
1 0.06901041666666667 0.034574468085106384 0.06927083333333334 0.03297872340425532
1 0.13307291666666668 0.03351063829787234 0.024479166666666666 0.030851063829787233
8 0.43255208333333334 0.032446808510638296 0.3026041666666667 0.04148936170212766
10 0.49921875 0.03031914893617021 0.9984375 0.06063829787234042
0 0.014322916666666666 0.0898936170212766 0.015104166666666667 0.035106382978723406
0 0.013541666666666667 0.14095744680851063 0.013541666666666667 0.03297872340425532
0 0.014322916666666666 0.18936170212765957 0.015104166666666667 0.036170212765957444
0 0.013020833333333334 0.23563829787234042 0.0125 0.03297872340425532
0 0.013020833333333334 0.34095744680851064 0.0125 0.03297872340425532
0 0.0140625 0.38670212765957446 0.0125 0.03297872340425532
0 0.013020833333333334 0.43138297872340425 0.0125 0.03297872340425532
0 0.013020833333333334 0.9792553191489362 0.014583333333333334 0.035106382978723406
0 0.013020833333333334 0.9324468085106383 0.014583333333333334 0.035106382978723406
0 0.014322916666666666 0.7223404255319149 0.015104166666666667 0.04042553191489362
0 0.013020833333333334 0.8308510638297872 0.014583333333333334 0.036170212765957444
0 0.103125 0.18776595744680852 0.017708333333333333 0.03297872340425532
0 0.103125 0.23297872340425532 0.017708333333333333 0.03404255319148936
0 0.103125 0.2845744680851064 0.017708333333333333 0.03297872340425532
0 0.10442708333333334 0.4856382978723404 0.0171875 0.03297872340425532
0 0.10442708333333334 0.6079787234042553 0.0171875 0.03297872340425532
0 0.103125 0.6696808510638298 0.017708333333333333 0.03297872340425532
0 0.10442708333333334 0.5462765957446809 0.0171875 0.03297872340425532
0 0.103125 0.775 0.017708333333333333 0.03297872340425532
0 0.103125 0.8813829787234042 0.017708333333333333 0.03297872340425532
2 0.04635416666666667 0.14095744680851063 0.08645833333333333 0.04148936170212766
2 0.04635416666666667 0.18829787234042553 0.08645833333333333 0.0425531914893617
2 0.04635416666666667 0.2351063829787234 0.08645833333333333 0.0425531914893617
2 0.04635416666666667 0.2872340425531915 0.08645833333333333 0.0425531914893617
5 0.0546875 0.3414893617021277 0.09791666666666667 0.0425531914893617
5 0.04765625 0.3882978723404255 0.08697916666666666 0.0425531914893617
5 0.057291666666666664 0.4329787234042553 0.10625 0.0425531914893617
2 0.04635416666666667 0.5468085106382978 0.08645833333333333 0.0425531914893617
2 0.04635416666666667 0.6090425531914894 0.08645833333333333 0.05425531914893617
5 0.04895833333333333 0.7212765957446808 0.09375 0.0425531914893617
2 0.04635416666666667 0.6691489361702128 0.08645833333333333 0.0425531914893617
2 0.04635416666666667 0.48723404255319147 0.08645833333333333 0.0425531914893617
2 0.04635416666666667 0.7792553191489362 0.08645833333333333 0.05425531914893617
5 0.046614583333333334 0.8319148936170213 0.09114583333333333 0.0425531914893617
2 0.0453125 0.8861702127659574 0.08645833333333333 0.0425531914893617
5 0.0453125 0.9361702127659575 0.08645833333333333 0.0425531914893617
5 0.05 0.9781914893617021 0.09583333333333334 0.04148936170212766
11 0.06458333333333334 0.5297872340425532 0.12916666666666668 0.9382978723404255
0 0.14401041666666667 0.0898936170212766 0.016145833333333335 0.035106382978723406
0 0.98515625 0.08882978723404256 0.0171875 0.03297872340425532
0 0.94453125 0.08882978723404256 0.016145833333333335 0.03723404255319149
0 0.33046875 0.09148936170212765 0.0171875 0.03829787234042553
0 0.17109375 0.08882978723404256 0.0171875 0.03297872340425532
0 0.82265625 0.08670212765957447 0.0171875 0.03297872340425532
0 0.5453125 0.08882978723404256 0.017708333333333333 0.03297872340425532
0 0.9760416666666667 0.1579787234042553 0.017708333333333333 0.03297872340425532
0 0.19895833333333332 0.09095744680851064 0.017708333333333333 0.03297872340425532
0 0.24609375 0.08882978723404256 0.0171875 0.03297872340425532
0 0.7346354166666667 0.09095744680851064 0.0171875 0.03297872340425532
0 0.37838541666666664 0.09148936170212765 0.016145833333333335 0.03829787234042553
0 0.2682291666666667 0.18617021276595744 0.010416666666666666 0.023404255319148935
0 0.6942708333333333 0.2398936170212766 0.0125 0.03297872340425532
0 0.4276041666666667 0.08882978723404256 0.017708333333333333 0.03723404255319149
0 0.6296875 0.08882978723404256 0.017708333333333333 0.03723404255319149
0 0.15729166666666666 0.16702127659574467 0.03125 0.06170212765957447
4 0.20885416666666667 0.09148936170212765 0.04375 0.05106382978723404
4 0.2752604166666667 0.09042553191489362 0.0796875 0.04893617021276596
4 0.34088541666666666 0.09042553191489362 0.0453125 0.04893617021276596
4 0.38958333333333334 0.09042553191489362 0.04479166666666667 0.04893617021276596
4 0.47213541666666664 0.09042553191489362 0.11302083333333333 0.04893617021276596
4 0.5736979166666667 0.09042553191489362 0.08072916666666667 0.04893617021276596
4 0.6690104166666667 0.09042553191489362 0.10260416666666666 0.04893617021276596
4 0.76640625 0.08936170212765958 0.08802083333333334 0.04680851063829787
4 0.9552083333333333 0.09042553191489362 0.04479166666666667 0.04893617021276596
13 0.5651041666666666 0.09042553191489362 0.8697916666666666 0.059574468085106386
1 0.7872395833333333 0.16808510638297872 0.0578125 0.06382978723404255
1 0.8565104166666667 0.17180851063829788 0.059895833333333336 0.06063829787234042
1 0.92421875 0.17180851063829788 0.05677083333333333 0.06063829787234042
1 0.20182291666666666 0.15425531914893617 0.04635416666666667 0.04042553191489362
1 0.24296875 0.15425531914893617 0.0359375 0.04042553191489362
1 0.2203125 0.18936170212765957 0.08541666666666667 0.029787234042553193
6 0.16536458333333334 0.24202127659574468 0.05677083333333333 0.052127659574468084
6 0.26067708333333334 0.24202127659574468 0.12239583333333333 0.052127659574468084
6 0.3536458333333333 0.24202127659574468 0.05625 0.052127659574468084
6 0.4640625 0.24202127659574468 0.15729166666666666 0.052127659574468084
6 0.5942708333333333 0.24202127659574468 0.09479166666666666 0.052127659574468084
6 0.6684895833333333 0.24202127659574468 0.0390625 0.052127659574468084
14 0.5645833333333333 0.2425531914893617 0.8708333333333333 0.06595744680851064
0 0.9276041666666667 0.40797872340425534 0.017708333333333333 0.03297872340425532
0 0.9565104166666667 0.5090425531914894 0.0171875 0.03297872340425532
0 0.9565104166666667 0.5537234042553192 0.0171875 0.03297872340425532
0 0.9276041666666667 0.6547872340425532 0.017708333333333333 0.03297872340425532
0 0.9276041666666667 0.9026595744680851 0.017708333333333333 0.03297872340425532
0 0.9565104166666667 0.7590425531914894 0.0171875 0.03297872340425532
0 0.9575520833333333 0.801595744680851 0.0171875 0.03297872340425532
0 0.15729166666666666 0.6079787234042553 0.0125 0.03297872340425532
0 0.2794270833333333 0.40425531914893614 0.016145833333333335 0.04042553191489362
0 0.2794270833333333 0.5404255319148936 0.016145833333333335 0.04042553191489362
0 0.15729166666666666 0.8675531914893617 0.0125 0.03297872340425532
0 0.5856770833333333 0.3771276595744681 0.024479166666666666 0.052127659574468084
0 0.5846354166666666 0.624468085106383 0.024479166666666666 0.05106382978723404
0 0.5846354166666666 0.874468085106383 0.024479166666666666 0.05106382978723404
0 0.5315104166666667 0.6058510638297873 0.0171875 0.03297872340425532
0 0.5325520833333334 0.7420212765957447 0.0171875 0.03297872340425532
0 0.15729166666666666 0.7398936170212767 0.0125 0.03297872340425532
0 0.90546875 0.40797872340425534 0.0171875 0.03297872340425532
0 0.9033854166666667 0.6579787234042553 0.0171875 0.03297872340425532
0 0.9033854166666667 0.9047872340425532 0.0171875 0.03297872340425532
0 0.61640625 0.4122340425531915 0.0140625 0.02872340425531915
0 0.61640625 0.6574468085106383 0.0140625 0.027659574468085105
0 0.5846354166666666 0.3047872340425532 0.0171875 0.039361702127659576
0 0.9606770833333333 0.30638297872340425 0.016145833333333335 0.0425531914893617
0 0.6153645833333333 0.9053191489361702 0.0140625 0.027659574468085105
0 0.6526041666666667 0.551595744680851 0.010416666666666666 0.03723404255319149
0 0.9494791666666667 0.40797872340425534 0.0125 0.03297872340425532
0 0.9494791666666667 0.9026595744680851 0.0125 0.03297872340425532
0 0.9484375 0.6547872340425532 0.0125 0.03297872340425532
8 0.771875 0.3074468085106383 0.39375 0.04468085106382979
1 0.19427083333333334 0.33191489361702126 0.065625 0.03829787234042553
1 0.20364583333333333 0.39787234042553193 0.084375 0.03829787234042553
1 0.18385416666666668 0.46861702127659577 0.04479166666666667 0.03723404255319149
1 0.18619791666666666 0.5372340425531915 0.049479166666666664 0.03829787234042553
1 0.19322916666666667 0.6079787234042553 0.06354166666666666 0.03723404255319149
1 0.18046875 0.673936170212766 0.03802083333333333 0.03723404255319149
1 0.20885416666666667 0.7425531914893617 0.09479166666666666 0.03829787234042553
1 0.19375 0.7941489361702128 0.06458333333333334 0.03723404255319149
1 0.19557291666666668 0.8696808510638298 0.06822916666666666 0.03723404255319149
1 0.19036458333333334 0.926595744680851 0.0578125 0.03829787234042553
1 0.28046875 0.33882978723404256 0.018229166666666668 0.03723404255319149
1 0.30911458333333336 0.4026595744680851 0.0390625 0.03723404255319149
1 0.28046875 0.4734042553191489 0.018229166666666668 0.03829787234042553
1 0.30052083333333335 0.5393617021276595 0.021875 0.03829787234042553
1 0.29713541666666665 0.6031914893617021 0.0515625 0.03829787234042553
1 0.28046875 0.7473404255319149 0.018229166666666668 0.03723404255319149
1 0.31171875 0.7968085106382978 0.08072916666666667 0.03829787234042553
1 0.28958333333333336 0.8696808510638298 0.036458333333333336 0.03723404255319149
1 0.28046875 0.9335106382978723 0.018229166666666668 0.03723404255319149
3 0.34739583333333335 0.33085106382978724 0.41354166666666664 0.06382978723404255
3 0.34739583333333335 0.399468085106383 0.41354166666666664 0.07340425531914893
3 0.34739583333333335 0.4675531914893617 0.41354166666666664 0.0627659574468085
3 0.34739583333333335 0.5351063829787234 0.41354166666666664 0.07021276595744681
3 0.34739583333333335 0.6042553191489362 0.41354166666666664 0.06808510638297872
3 0.34739583333333335 0.6728723404255319 0.41354166666666664 0.06914893617021277
3 0.34739583333333335 0.7377659574468085 0.41354166666666664 0.06063829787234042
3 0.34739583333333335 0.7978723404255319 0.41354166666666664 0.059574468085106386
3 0.34739583333333335 0.8638297872340426 0.41354166666666664 0.07234042553191489
3 0.34739583333333335 0.9319148936170213 0.41354166666666664 0.06382978723404255
1 0.67421875 0.37553191489361704 0.13177083333333334 0.036170212765957444
1 0.6549479166666666 0.41436170212765955 0.0609375 0.03297872340425532
1 0.7799479166666666 0.45585106382978724 0.3453125 0.05425531914893617
1 0.63203125 0.5127659574468085 0.049479166666666664 0.04042553191489362
1 0.62578125 0.5537234042553192 0.03697916666666667 0.04148936170212766
1 0.6796875 0.5537234042553192 0.04375 0.04148936170212766
1 0.67421875 0.625531914893617 0.13177083333333334 0.036170212765957444
1 0.64921875 0.6643617021276595 0.049479166666666664 0.03297872340425532
1 0.7799479166666666 0.7058510638297872 0.3453125 0.05425531914893617
1 0.63203125 0.7627659574468085 0.049479166666666664 0.04042553191489362
1 0.6348958333333333 0.8037234042553192 0.05520833333333333 0.04148936170212766
1 0.6729166666666667 0.8707446808510638 0.13125 0.035106382978723406
1 0.65390625 0.9101063829787234 0.0609375 0.03297872340425532
1 0.7783854166666667 0.9515957446808511 0.3453125 0.05425531914893617
0 0.6776041666666667 0.6601063829787234 0.013541666666666667 0.02872340425531915
1 0.7080729166666667 0.6643617021276595 0.0453125 0.03297872340425532
12 0.5651041666666666 0.5601063829787234 0.8697916666666666 0.8797872340425532
