0 0.01484375 0.03031914893617021 0.016145833333333335 0.03297872340425532
0 0.88984375 0.03031914893617021 0.016145833333333335 0.03723404255319149
0 0.8583333333333333 0.032446808510638296 0.017708333333333333 0.03297872340425532
0 0.92109375 0.032446808510638296 0.018229166666666668 0.03297872340425532
0 0.9841145833333333 0.032446808510638296 0.024479166666666666 0.052127659574468084
0 0.9518229166666666 0.032446808510638296 0.0171875 0.03297872340425532
0 0.29244791666666664 0.032446808510638296 0.0171875 0.03297872340425532
1 0.06901041666666667 0.034574468085106384 0.06927083333333334 0.03297872340425532
1 0.13307291666666668 0.03351063829787234 0.024479166666666666 0.030851063829787233
8 0.43255208333333334 0.032446808510638296 0.3026041666666667 0.04148936170212766
10 0.49921875 0.03031914893617021 0.9984375 0.06063829787234042
0 0.014322916666666666 0.0898936170212766 0.015104166666666667 0.035106382978723406
0 0.013541666666666667 0.14095744680851063 0.013541666666666667 0.03297872340425532
0 0.014322916666666666 0.18936170212765957 0.015104166666666667 0.036170212765957444
0 0.013020833333333334 0.23563829787234042 0.0125 0.03297872340425532
0 0.014322916666666666 0.5787234042553191 0.015104166666666667 0.04042553191489362
0 0.014322916666666666 0.6845744680851064 0.015104166666666667 0.035106382978723406
0 0.11458333333333333 0.18776595744680852 0.017708333333333333 0.03297872340425532
0 0.11458333333333333 0.23563829787234042 0.017708333333333333 0.03297872340425532
0 0.11458333333333333 0.2845744680851064 0.017708333333333333 0.03297872340425532
0 0.11588541666666667 0.34627659574468084 0.0171875 0.03297872340425532
0 0.11588541666666667 0.4664893617021277 0.0171875 0.03297872340425532
0 0.11588541666666667 0.525 0.0171875 0.03297872340425532
0 0.11458333333333333 0.40797872340425534 0.017708333333333333 0.03297872340425532
0 0.11458333333333333 0.6367021276595745 0.017708333333333333 0.03297872340425532
0 0.11588541666666667 0.7398936170212767 0.0171875 0.03297872340425532
2 0.05234375 0.14095744680851063 0.0984375 0.04148936170212766
2 0.05234375 0.18829787234042553 0.0984375 0.0425531914893617
2 0.05234375 0.2351063829787234 0.0984375 0.0425531914893617
2 0.05234375 0.28936170212765955 0.0984375 0.0425531914893617
5 0.053385416666666664 0.5792553191489361 0.10052083333333334 0.052127659574468084
2 0.05234375 0.34574468085106386 0.0984375 0.0425531914893617
2 0.05234375 0.4074468085106383 0.0984375 0.0425531914893617
2 0.05234375 0.4664893617021277 0.0984375 0.04148936170212766
2 0.05234375 0.5276595744680851 0.0984375 0.0425531914893617
2 0.053385416666666664 0.6361702127659574 0.0984375 0.0425531914893617
5 0.05234375 0.6861702127659575 0.0984375 0.0425531914893617
2 0.05234375 0.7404255319148936 0.0984375 0.0425531914893617
11 0.06458333333333334 0.5297872340425532 0.12916666666666668 0.9382978723404255
0 0.14401041666666667 0.0898936170212766 0.016145833333333335 0.035106382978723406
0 0.19765625 0.08882978723404256 0.0171875 0.03297872340425532
0 0.17109375 0.08882978723404256 0.0171875 0.03297872340425532
0 0.2591145833333333 0.09095744680851064 0.0171875 0.03297872340425532
0 0.98515625 0.08882978723404256 0.0171875 0.03297872340425532
0 0.94453125 0.08882978723404256 0.016145833333333335 0.03723404255319149
0 0.52109375 0.09095744680851064 0.0171875 0.03297872340425532
0 0.43463541666666666 0.09414893617021276 0.0171875 0.03297872340425532
0 0.3419270833333333 0.09095744680851064 0.0171875 0.03297872340425532
0 0.14296875 0.14095744680851063 0.016145833333333335 0.03723404255319149
0 0.9760416666666667 0.2026595744680851 0.017708333333333333 0.03297872340425532
0 0.6872395833333333 0.5138297872340426 0.015104166666666667 0.027659574468085105
0 0.6872395833333333 0.7824468085106383 0.0171875 0.03297872340425532
0 0.2786458333333333 0.5856382978723405 0.014583333333333334 0.039361702127659576
0 0.2786458333333333 0.5148936170212766 0.014583333333333334 0.04042553191489362
1 0.24270833333333333 0.1398936170212766 0.18125 0.030851063829787233
4 0.21458333333333332 0.09042553191489362 0.05520833333333333 0.04893617021276596
4 0.28671875 0.09042553191489362 0.07760416666666667 0.04893617021276596
4 0.3734375 0.09042553191489362 0.084375 0.04893617021276596
4 0.4666666666666667 0.09148936170212765 0.08645833333333333 0.05106382978723404
4 0.9546875 0.09042553191489362 0.04375 0.04893617021276596
1 0.15494791666666666 0.19627659574468084 0.028645833333333332 0.030851063829787233
1 0.18671875 0.1973404255319149 0.034895833333333334 0.03297872340425532
1 0.17109375 0.23085106382978723 0.0609375 0.03829787234042553
1 0.9408854166666667 0.21329787234042552 0.034895833333333334 0.05425531914893617
6 0.16197916666666667 0.2851063829787234 0.046875 0.04680851063829787
6 0.21796875 0.2872340425531915 0.05572916666666667 0.04680851063829787
14 0.5651041666666666 0.28617021276595744 0.8697916666666666 0.059574468085106386
13 0.5645833333333333 0.08882978723404256 0.8708333333333333 0.05638297872340425
1 0.17760416666666667 0.3803191489361702 0.03229166666666667 0.035106382978723406
1 0.2 0.4441489361702128 0.07708333333333334 0.035106382978723406
1 0.18333333333333332 0.5101063829787233 0.04375 0.035106382978723406
1 0.20651041666666667 0.5835106382978723 0.09010416666666667 0.035106382978723406
1 0.1984375 0.649468085106383 0.07395833333333333 0.035106382978723406
1 0.2046875 0.7154255319148937 0.08645833333333333 0.035106382978723406
1 0.18802083333333333 0.7813829787234042 0.053125 0.035106382978723406
1 0.18802083333333333 0.8452127659574468 0.053125 0.035106382978723406
1 0.2833333333333333 0.3824468085106383 0.023958333333333335 0.035106382978723406
1 0.3059895833333333 0.44627659574468087 0.06927083333333334 0.035106382978723406
1 0.30807291666666664 0.5175531914893617 0.04114583333333333 0.035106382978723406
1 0.31223958333333335 0.5856382978723405 0.049479166666666664 0.035106382978723406
1 0.2799479166666667 0.6563829787234042 0.0171875 0.036170212765957444
1 0.2799479166666667 0.7223404255319149 0.0171875 0.036170212765957444
1 0.2799479166666667 0.7882978723404256 0.0171875 0.036170212765957444
1 0.2799479166666667 0.8452127659574468 0.0171875 0.035106382978723406
1 0.58984375 0.3781914893617021 0.0484375 0.035106382978723406
1 0.5950520833333334 0.4441489361702128 0.058854166666666666 0.035106382978723406
1 0.6036458333333333 0.5079787234042553 0.07604166666666666 0.035106382978723406
1 0.596875 0.5808510638297872 0.0625 0.036170212765957444
1 0.5770833333333333 0.649468085106383 0.022916666666666665 0.035106382978723406
1 0.5822916666666667 0.7154255319148937 0.03333333333333333 0.035106382978723406
1 0.5979166666666667 0.7856382978723404 0.06458333333333334 0.035106382978723406
1 0.5979166666666667 0.8452127659574468 0.06458333333333334 0.035106382978723406
1 0.6885416666666667 0.3851063829787234 0.017708333333333333 0.036170212765957444
1 0.6885416666666667 0.451063829787234 0.017708333333333333 0.036170212765957444
1 0.7158854166666667 0.5148936170212766 0.03697916666666667 0.036170212765957444
1 0.6885416666666667 0.5877659574468085 0.017708333333333333 0.035106382978723406
1 0.6885416666666667 0.6537234042553192 0.017708333333333333 0.035106382978723406
1 0.6885416666666667 0.7196808510638298 0.017708333333333333 0.035106382978723406
1 0.715625 0.7835106382978724 0.03958333333333333 0.035106382978723406
1 0.6901041666666666 0.8521276595744681 0.020833333333333332 0.036170212765957444
3 0.55859375 0.37340425531914895 0.8359375 0.07234042553191489
3 0.55859375 0.4425531914893617 0.8359375 0.06595744680851064
3 0.55859375 0.5101063829787233 0.8359375 0.06914893617021277
3 0.55859375 0.5808510638297872 0.8359375 0.07234042553191489
3 0.55859375 0.65 0.8359375 0.06595744680851064
3 0.55859375 0.7138297872340426 0.8359375 0.06170212765957447
3 0.55859375 0.7787234042553192 0.8359375 0.06808510638297872
3 0.55859375 0.8553191489361702 0.8359375 0.0851063829787234
12 0.5645833333333333 0.5585106382978723 0.8708333333333333 0.8829787234042553
