0 0.014721345951629864 0.03036876355748373 0.015772870662460567 0.03253796095444685
0 0.8898527865404837 0.02982646420824295 0.01629863301787592 0.03796095444685466
0 0.8583070452155626 0.03253796095444685 0.017350157728706624 0.03253796095444685
0 0.9213985278654049 0.03253796095444685 0.01840168243953733 0.03253796095444685
0 0.9842271293375394 0.03253796095444685 0.024185068349106203 0.052060737527114966
0 0.9518927444794952 0.03253796095444685 0.017350157728706624 0.03253796095444685
0 0.29258675078864355 0.03253796095444685 0.017350157728706624 0.03253796095444685
1 0.06887486855941115 0.03470715835140998 0.0694006309148265 0.03253796095444685
1 0.13301787592008413 0.033622559652928416 0.024185068349106203 0.03036876355748373
8 0.4327024185068349 0.03253796095444685 0.3028391167192429 0.04338394793926247
10 0.499211356466877 0.03036876355748373 0.998422712933754 0.06073752711496746
0 0.014195583596214511 0.09056399132321041 0.014721345951629864 0.03579175704989154
0 0.013669821240799159 0.14099783080260303 0.013669821240799159 0.03253796095444685
0 0.014195583596214511 0.18926247288503253 0.014721345951629864 0.03579175704989154
0 0.013144058885383806 0.23535791757049893 0.012618296529968454 0.03253796095444685
0 0.01288117770767613 0.7781995661605207 0.015247108307045216 0.04013015184381779
0 0.01288117770767613 0.6664859002169198 0.015247108307045216 0.04013015184381779
0 0.01288117770767613 0.5721258134490239 0.015247108307045216 0.04013015184381779
0 0.014195583596214511 0.5254880694143167 0.014721345951629864 0.04013015184381779
0 0.014195583596214511 0.6176789587852495 0.014721345951629864 0.04013015184381779
0 0.11593059936908517 0.19522776572668113 0.017350157728706624 0.03253796095444685
0 0.11593059936908517 0.24023861171366595 0.017350157728706624 0.033622559652928416
0 0.11593059936908517 0.2917570498915401 0.017350157728706624 0.03253796095444685
0 0.11593059936908517 0.3541214750542299 0.017350157728706624 0.033622559652928416
0 0.11593059936908517 0.4137744034707158 0.017350157728706624 0.033622559652928416
0 0.11698212407991587 0.47559652928416485 0.017350157728706624 0.033622559652928416
0 0.11593059936908517 0.7299349240780911 0.017350157728706624 0.03253796095444685
0 0.11698212407991587 0.8345986984815619 0.017350157728706624 0.033622559652928416
0 0.11698212407991587 0.8969631236442517 0.017350157728706624 0.03253796095444685
2 0.04652996845425868 0.14099783080260303 0.08675078864353312 0.04338394793926247
2 0.04652996845425868 0.18817787418655096 0.08675078864353312 0.04229934924078091
2 0.04652996845425868 0.23535791757049893 0.08675078864353312 0.04338394793926247
2 0.04863301787592009 0.294468546637744 0.08675078864353312 0.04229934924078091
2 0.04758149316508938 0.41594360086767895 0.08675078864353312 0.04229934924078091
2 0.04758149316508938 0.35629067245119306 0.08675078864353312 0.04229934924078091
2 0.05099894847528917 0.47830802603036876 0.0935856992639327 0.05422993492407809
5 0.05625657202944269 0.5309110629067245 0.10410094637223975 0.04229934924078091
5 0.049947423764458466 0.5737527114967462 0.0914826498422713 0.04338394793926247
2 0.04652996845425868 0.7272234273318872 0.08675078864353312 0.04229934924078091
5 0.04758149316508938 0.7792841648590022 0.08675078864353312 0.04229934924078091
5 0.05231335436382755 0.6231019522776573 0.09621451104100946 0.04229934924078091
5 0.049947423764458466 0.670824295010846 0.0914826498422713 0.04229934924078091
2 0.053364879074658256 0.836767895878525 0.10042060988433228 0.04229934924078091
2 0.042849631966351207 0.8953362255965293 0.07728706624605679 0.04229934924078091
11 0.06440588853838065 0.529826464208243 0.1288117770767613 0.938177874186551
0 0.2392218717139853 0.23318872017353579 0.010515247108307046 0.02386117136659436
0 0.15851735015772872 0.21475054229934923 0.031019978969505785 0.06073752711496746
4 0.2455310199789695 0.0911062906724512 0.05993690851735016 0.052060737527114966
4 0.40799158780231337 0.09002169197396963 0.07991587802313355 0.049891540130151846
4 0.33543638275499477 0.09002169197396963 0.058885383806519455 0.049891540130151846
4 0.4802839116719243 0.09002169197396963 0.05310199789695058 0.049891540130151846
4 0.5557308096740273 0.09002169197396963 0.08937960042060988 0.049891540130151846
4 0.955310199789695 0.09002169197396963 0.0452155625657203 0.049891540130151846
13 0.5651945320715037 0.09273318872017354 0.8696109358569927 0.0596529284164859
1 0.24631966351209253 0.14099783080260303 0.19085173501577288 0.03253796095444685
1 0.2013669821240799 0.20119305856832972 0.0473186119873817 0.04013015184381779
1 0.19085173501577288 0.23698481561822127 0.028391167192429023 0.031453362255965296
6 0.16771819137749738 0.2874186550976139 0.056782334384858045 0.052060737527114966
6 0.22266035751840169 0.2874186550976139 0.04153522607781283 0.052060737527114966
6 0.28496319663512093 0.2874186550976139 0.07886435331230283 0.052060737527114966
14 0.5644058885383807 0.28796095444685466 0.8711882229232387 0.06616052060737528
0 0.1440588853838065 0.09056399132321041 0.015772870662460567 0.03579175704989154
0 0.20005257623554154 0.09164859002169197 0.017350157728706624 0.033622559652928416
0 0.1706098843322818 0.09164859002169197 0.01840168243953733 0.04229934924078091
0 0.9855415352260778 0.08893709327548807 0.017350157728706624 0.03253796095444685
0 0.14274447949526814 0.14099783080260303 0.01629863301787592 0.0368763557483731
0 0.9442691903259727 0.08947939262472886 0.015772870662460567 0.03796095444685466
0 0.3183491062039958 0.09164859002169197 0.01840168243953733 0.033622559652928416
0 0.5228706624605678 0.09164859002169197 0.01840168243953733 0.03796095444685466
0 0.6101472134595163 0.09164859002169197 0.017350157728706624 0.033622559652928416
0 0.29153522607781285 0.0938177874186551 0.017350157728706624 0.033622559652928416
0 0.37907465825446895 0.0938177874186551 0.016824395373291272 0.033622559652928416
0 0.2279179810725552 0.09164859002169197 0.017350157728706624 0.033622559652928416
0 0.46503680336487907 0.0938177874186551 0.01629863301787592 0.03796095444685466
1 0.2202944269190326 0.23698481561822127 0.030494216614090432 0.031453362255965296
0 0.5885909568874869 0.9327548806941431 0.008937960042060988 0.03036876355748373
0 0.5793901156677181 0.9327548806941431 0.00946372239747634 0.03036876355748373
9 0.5281282860147214 0.8020607375271149 0.06782334384858044 0.03579175704989154
4 0.9045741324921136 0.8725596529284165 0.061514195583596214 0.046637744034707156
7 0.5644058885383807 0.9311279826464208 0.06466876971608833 0.046637744034707156
15 0.7318611987381703 0.9289587852494577 0.4921135646687697 0.057483731019522775
0 0.7560462670872765 0.9295010845986985 0.00946372239747634 0.03036876355748373
0 0.8530494216614091 0.9295010845986985 0.008937960042060988 0.03036876355748373
7 0.7473711882229233 0.9311279826464208 0.033123028391167195 0.046637744034707156
7 0.8288643533123028 0.9311279826464208 0.06466876971608833 0.046637744034707156
7 0.9229758149316509 0.9311279826464208 0.05625657202944269 0.046637744034707156
0 0.9529442691903259 0.8752711496746204 0.013144058885383806 0.03470715835140998
0 0.8845951629863302 0.8714750542299349 0.017350157728706624 0.03796095444685466
1 0.5538906414300736 0.6399132321041214 0.09936908517350158 0.039045553145336226
1 0.5533648790746583 0.7066160520607375 0.09831756046267087 0.03796095444685466
1 0.6267087276550999 0.37093275488069416 0.023133543638275498 0.039045553145336226
1 0.6267087276550999 0.4376355748373102 0.023133543638275498 0.03796095444685466
1 0.5331230283911672 0.49945770065075923 0.05783385909568875 0.03796095444685466
1 0.5533648790746583 0.5661605206073753 0.09831756046267087 0.039045553145336226
1 0.5399579390115667 0.3660520607375271 0.07150368033648791 0.03796095444685466
1 0.5394321766561514 0.43275488069414314 0.07045215562565721 0.039045553145336226
1 0.6267087276550999 0.5070498915401301 0.023133543638275498 0.03796095444685466
1 0.6267087276550999 0.5732104121475055 0.023133543638275498 0.03796095444685466
1 0.6267087276550999 0.6399132321041214 0.023133543638275498 0.039045553145336226
1 0.6267087276550999 0.7066160520607375 0.023133543638275498 0.03796095444685466
3 0.732912723449001 0.36713665943600865 0.4921135646687697 0.06399132321041215
3 0.732912723449001 0.4316702819956616 0.4921135646687697 0.0650759219088937
3 0.732912723449001 0.49945770065075923 0.4921135646687697 0.07049891540130152
3 0.732912723449001 0.5704989154013015 0.4921135646687697 0.07158351409978309
3 0.732912723449001 0.6388286334056399 0.4921135646687697 0.0650759219088937
3 0.732912723449001 0.7033622559652929 0.4921135646687697 0.06399132321041215
12 0.5651945320715037 0.561822125813449 0.8696109358569927 0.8763557483731019
