0 0.014721345951629864 0.03036876355748373 0.015772870662460567 0.03253796095444685
0 0.8898527865404837 0.02982646420824295 0.01629863301787592 0.03796095444685466
0 0.8583070452155626 0.03253796095444685 0.017350157728706624 0.03253796095444685
0 0.9213985278654049 0.03253796095444685 0.01840168243953733 0.03253796095444685
0 0.9842271293375394 0.03253796095444685 0.024185068349106203 0.052060737527114966
0 0.9518927444794952 0.03253796095444685 0.017350157728706624 0.03253796095444685
0 0.29258675078864355 0.03253796095444685 0.017350157728706624 0.03253796095444685
1 0.06887486855941115 0.03470715835140998 0.0694006309148265 0.03253796095444685
1 0.13301787592008413 0.033622559652928416 0.024185068349106203 0.03036876355748373
8 0.4327024185068349 0.03253796095444685 0.3028391167192429 0.04338394793926247
10 0.499211356466877 0.03036876355748373 0.998422712933754 0.06073752711496746
0 0.014195583596214511 0.64587852494577 0.014721345951629864 0.04013015184381779
0 0.014195583596214511 0.5515184381778742 0.014721345951629864 0.04013015184381779
0 0.014195583596214511 0.5037960954446855 0.014721345951629864 0.04013015184381779
0 0.01288117770767613 0.5981561822125814 0.015247108307045216 0.04013015184381779
0 0.014195583596214511 0.8188720173535792 0.014721345951629864 0.03470715835140998
0 0.01288117770767613 0.9723427331887202 0.015247108307045216 0.03579175704989154
0 0.01288117770767613 0.9251626898047722 0.015247108307045216 0.03470715835140998
0 0.014195583596214511 0.09056399132321041 0.014721345951629864 0.03579175704989154
0 0.014195583596214511 0.16540130151843818 0.014721345951629864 0.03579175704989154
0 0.013144058885383806 0.21366594360086769 0.012618296529968454 0.03253796095444685
0 0.10541535226077813 0.1648590021691974 0.017350157728706624 0.03253796095444685
0 0.10436382754994743 0.45010845986984815 0.017350157728706624 0.03253796095444685
0 0.10541535226077813 0.21258134490238612 0.017350157728706624 0.03253796095444685
0 0.10541535226077813 0.26247288503253796 0.017350157728706624 0.03253796095444685
0 0.10541535226077813 0.32483731019522777 0.017350157728706624 0.033622559652928416
0 0.10541535226077813 0.3839479392624729 0.017350157728706624 0.03253796095444685
0 0.10541535226077813 0.7006507592190889 0.017350157728706624 0.03253796095444685
0 0.10541535226077813 0.7619305856832972 0.017350157728706624 0.033622559652928416
0 0.10436382754994743 0.8741865509761388 0.017350157728706624 0.03253796095444685
2 0.04547844374342797 0.44685466377440347 0.08675078864353312 0.05422993492407809
5 0.055205047318611984 0.504880694143167 0.10410094637223975 0.04229934924078091
5 0.04889589905362776 0.547180043383948 0.0914826498422713 0.04229934924078091
5 0.05099894847528917 0.5970715835140998 0.09568874868559411 0.04229934924078091
5 0.04889589905362776 0.6442516268980477 0.0914826498422713 0.04338394793926247
2 0.04600420609884332 0.16648590021691975 0.08990536277602523 0.04229934924078091
2 0.04600420609884332 0.21420824295010846 0.08990536277602523 0.04229934924078091
2 0.04547844374342797 0.26843817787418656 0.08885383806519453 0.04229934924078091
2 0.04547844374342797 0.32483731019522777 0.08885383806519453 0.04229934924078091
2 0.04547844374342797 0.38611713665943603 0.08885383806519453 0.04338394793926247
2 0.04758149316508938 0.7022776572668112 0.08675078864353312 0.04229934924078091
2 0.04758149316508938 0.764642082429501 0.08675078864353312 0.05422993492407809
5 0.049947423764458466 0.8204989154013015 0.0914826498422713 0.04229934924078091
2 0.04652996845425868 0.8768980477223427 0.08675078864353312 0.04229934924078091
5 0.04652996845425868 0.9262472885032538 0.08675078864353312 0.04338394793926247
5 0.05099894847528917 0.9690889370932755 0.09568874868559411 0.04229934924078091
11 0.06440588853838065 0.529826464208243 0.1288117770767613 0.938177874186551
0 0.6995268138801262 0.43926247288503256 0.008937960042060988 0.03036876355748373
0 0.24579390115667718 0.44143167028199565 0.008937960042060988 0.03036876355748373
0 0.33569926393270244 0.43926247288503256 0.008937960042060988 0.03036876355748373
0 0.4340168243953733 0.43926247288503256 0.008937960042060988 0.03036876355748373
0 0.8935331230283912 0.8617136659436009 0.01629863301787592 0.03579175704989154
0 0.944794952681388 0.8595444685466378 0.012618296529968454 0.03579175704989154
0 0.8746056782334385 0.8617136659436009 0.017350157728706624 0.03579175704989154
0 0.8509463722397477 0.37906724511930584 0.01840168243953733 0.033622559652928416
0 0.17139852786540483 0.4408893709327549 0.022082018927444796 0.04229934924078091
0 0.2005783385909569 0.0938177874186551 0.01629863301787592 0.03796095444685466
0 0.1440588853838065 0.09056399132321041 0.015772870662460567 0.03579175704989154
0 0.27681388012618297 0.0938177874186551 0.01840168243953733 0.033622559652928416
0 0.9855415352260778 0.08893709327548807 0.017350157728706624 0.03253796095444685
0 0.9442691903259727 0.08947939262472886 0.015772870662460567 0.03796095444685466
0 0.14274447949526814 0.14099783080260303 0.01629863301787592 0.0368763557483731
0 0.3372765509989485 0.0938177874186551 0.017350157728706624 0.03796095444685466
0 0.39563617245005256 0.09164859002169197 0.01629863301787592 0.03796095444685466
0 0.17218717139852788 0.0938177874186551 0.017350157728706624 0.033622559652928416
0 0.48396424815983174 0.08893709327548807 0.017350157728706624 0.03253796095444685
1 0.24263932702418506 0.1399132321041215 0.18138801261829654 0.03036876355748373
1 0.20425867507886436 0.22125813449023862 0.05099894847528917 0.0650759219088937
1 0.7752365930599369 0.21637744034707157 0.028916929547844375 0.046637744034707156
1 0.8220294426919033 0.21637744034707157 0.04363827549947424 0.0509761388286334
1 0.8819663512092534 0.21637744034707157 0.057308096740273394 0.0509761388286334
1 0.945583596214511 0.21529284164859003 0.055205047318611984 0.0596529284164859
6 0.19190325972660358 0.29229934924078094 0.10515247108307045 0.04229934924078091
6 0.30047318611987384 0.29229934924078094 0.09621451104100946 0.04229934924078091
6 0.3746056782334385 0.29229934924078094 0.04258675078864353 0.04229934924078091
6 0.46898002103049424 0.29229934924078094 0.13038906414300735 0.04229934924078091
9 0.2082018927444795 0.38286334056399135 0.1167192429022082 0.03470715835140998
14 0.5651945320715037 0.29067245119305857 0.8696109358569927 0.05856832971800434
4 0.23764458464773922 0.0911062906724512 0.04416403785488959 0.052060737527114966
4 0.2917981072555205 0.09273318872017354 0.05573080967402734 0.04880694143167028
4 0.35304942166140907 0.09002169197396963 0.05310199789695058 0.049891540130151846
4 0.42875920084121977 0.09273318872017354 0.08885383806519453 0.04880694143167028
4 0.9558359621451105 0.09164859002169197 0.046267087276550996 0.046637744034707156
13 0.5651945320715037 0.09273318872017354 0.8696109358569927 0.0596529284164859
0 0.2268664563617245 0.0938177874186551 0.017350157728706624 0.033622559652928416
1 0.918769716088328 0.8627982646420824 0.02996845425867508 0.033622559652928416
4 0.89931650893796 0.37689804772234275 0.12460567823343849 0.046637744034707156
7 0.221608832807571 0.4408893709327549 0.06466876971608833 0.03796095444685466
7 0.31624605678233436 0.4408893709327549 0.055205047318611984 0.03796095444685466
7 0.40168243953732913 0.4408893709327549 0.08096740273396424 0.03796095444685466
7 0.6811251314405888 0.4408893709327549 0.05099894847528917 0.03796095444685466
1 0.22318611987381703 0.49945770065075923 0.06782334384858044 0.03796095444685466
1 0.22318611987381703 0.5536876355748374 0.06782334384858044 0.03796095444685466
1 0.22318611987381703 0.6100867678958786 0.06782334384858044 0.03796095444685466
1 0.22318611987381703 0.6670281995661606 0.06782334384858044 0.0368763557483731
1 0.22318611987381703 0.7212581344902386 0.06782334384858044 0.0368763557483731
1 0.22187171398527866 0.7781995661605207 0.0683491062039958 0.03796095444685466
1 0.3041535226077813 0.49945770065075923 0.031019978969505785 0.03796095444685466
1 0.3041535226077813 0.5536876355748374 0.031019978969505785 0.03796095444685466
1 0.3041535226077813 0.6100867678958786 0.031019978969505785 0.03796095444685466
1 0.3041535226077813 0.6670281995661606 0.031019978969505785 0.0368763557483731
1 0.3041535226077813 0.7212581344902386 0.031019978969505785 0.0368763557483731
1 0.3028391167192429 0.7754880694143167 0.031545741324921134 0.0368763557483731
1 0.3911671924290221 0.49945770065075923 0.05993690851735016 0.03796095444685466
1 0.3911671924290221 0.5558568329718004 0.05993690851735016 0.03796095444685466
1 0.3911671924290221 0.6100867678958786 0.05993690851735016 0.03796095444685466
1 0.3922187171398528 0.6670281995661606 0.05993690851735016 0.0368763557483731
1 0.3922187171398528 0.7212581344902386 0.05993690851735016 0.0368763557483731
1 0.3911671924290221 0.7803687635574837 0.05993690851735016 0.03796095444685466
1 0.1861198738170347 0.8617136659436009 0.03785488958990536 0.031453362255965296
15 0.5615141955835962 0.4403470715835141 0.8370136698212408 0.05639913232104121
3 0.5615141955835962 0.4972885032537961 0.8370136698212408 0.057483731019522775
3 0.5615141955835962 0.5531453362255966 0.8370136698212408 0.05422993492407809
3 0.5615141955835962 0.6084598698481561 0.8370136698212408 0.05639913232104121
3 0.5615141955835962 0.6648590021691974 0.8370136698212408 0.05639913232104121
3 0.5615141955835962 0.720173535791757 0.8370136698212408 0.05422993492407809
3 0.5615141955835962 0.7765726681127982 0.8370136698212408 0.05856832971800434
0 0.15851735015772872 0.21637744034707157 0.031019978969505785 0.07049891540130152
12 0.5651945320715037 0.5612798264642083 0.8696109358569927 0.8774403470715835
