0 0.01484375 0.03031914893617021 0.016145833333333335 0.03297872340425532
0 0.88984375 0.03031914893617021 0.016145833333333335 0.03723404255319149
0 0.8583333333333333 0.032446808510638296 0.017708333333333333 0.03297872340425532
0 0.92109375 0.032446808510638296 0.018229166666666668 0.03297872340425532
0 0.9841145833333333 0.032446808510638296 0.024479166666666666 0.052127659574468084
0 0.9518229166666666 0.032446808510638296 0.0171875 0.03297872340425532
0 0.29244791666666664 0.032446808510638296 0.0171875 0.03297872340425532
1 0.06901041666666667 0.034574468085106384 0.06927083333333334 0.03297872340425532
1 0.13307291666666668 0.03351063829787234 0.024479166666666666 0.030851063829787233
8 0.43255208333333334 0.032446808510638296 0.3026041666666667 0.04148936170212766
10 0.49921875 0.03031914893617021 0.9984375 0.06063829787234042
0 0.014322916666666666 0.0898936170212766 0.015104166666666667 0.035106382978723406
0 0.013541666666666667 0.14095744680851063 0.013541666666666667 0.03297872340425532
0 0.014322916666666666 0.18936170212765957 0.015104166666666667 0.036170212765957444
0 0.013020833333333334 0.23563829787234042 0.0125 0.03297872340425532
0 0.013020833333333334 0.34095744680851064 0.0125 0.03297872340425532
0 0.0140625 0.38670212765957446 0.0125 0.03297872340425532
0 0.013020833333333334 0.43138297872340425 0.0125 0.03297872340425532
0 0.013020833333333334 0.9792553191489362 0.014583333333333334 0.035106382978723406
0 0.013020833333333334 0.9324468085106383 0.014583333333333334 0.035106382978723406
0 0.014322916666666666 0.7223404255319149 0.015104166666666667 0.04042553191489362
0 0.013020833333333334 0.8308510638297872 0.014583333333333334 0.036170212765957444
0 0.103125 0.18776595744680852 0.017708333333333333 0.03297872340425532
0 0.103125 0.23297872340425532 0.017708333333333333 0.03404255319148936
0 0.103125 0.2845744680851064 0.017708333333333333 0.03297872340425532
0 0.103125 0.4829787234042553 0.017708333333333333 0.03404255319148936
0 0.10442708333333334 0.6079787234042553 0.0171875 0.03297872340425532
0 0.103125 0.6696808510638298 0.017708333333333333 0.03297872340425532
0 0.10442708333333334 0.5420212765957447 0.0171875 0.03297872340425532
0 0.103125 0.775 0.017708333333333333 0.03297872340425532
0 0.103125 0.8813829787234042 0.017708333333333333 0.03297872340425532
2 0.04635416666666667 0.14095744680851063 0.08645833333333333 0.04148936170212766
2 0.04635416666666667 0.18829787234042553 0.08645833333333333 0.0425531914893617
2 0.04635416666666667 0.2351063829787234 0.08645833333333333 0.0425531914893617
2 0.04635416666666667 0.2872340425531915 0.08645833333333333 0.0425531914893617
5 0.0546875 0.3414893617021277 0.09791666666666667 0.0425531914893617
5 0.04765625 0.3882978723404255 0.08697916666666666 0.0425531914893617
5 0.057291666666666664 0.4329787234042553 0.10625 0.0425531914893617
2 0.04635416666666667 0.5468085106382978 0.08645833333333333 0.0425531914893617
2 0.04635416666666667 0.6090425531914894 0.08645833333333333 0.05425531914893617
2 0.04635416666666667 0.6712765957446809 0.08645833333333333 0.0425531914893617
5 0.04765625 0.723404255319149 0.08697916666666666 0.0425531914893617
2 0.04635416666666667 0.7792553191489362 0.08645833333333333 0.05425531914893617
5 0.046614583333333334 0.8319148936170213 0.09114583333333333 0.0425531914893617
2 0.0453125 0.8861702127659574 0.08645833333333333 0.0425531914893617
5 0.0453125 0.9361702127659575 0.08645833333333333 0.0425531914893617
5 0.05 0.9781914893617021 0.09583333333333334 0.04148936170212766
2 0.04635416666666667 0.48723404255319147 0.08645833333333333 0.0425531914893617
11 0.06458333333333334 0.5297872340425532 0.12916666666666668 0.9382978723404255
0 0.22630208333333332 0.08882978723404256 0.016145833333333335 0.03723404255319149
0 0.14401041666666667 0.0898936170212766 0.016145833333333335 0.035106382978723406
0 0.98515625 0.08882978723404256 0.0171875 0.03297872340425532
0 0.94453125 0.08882978723404256 0.016145833333333335 0.03723404255319149
0 0.14296875 0.14095744680851063 0.016145833333333335 0.03723404255319149
0 0.33619791666666665 0.09148936170212765 0.0171875 0.03829787234042553
0 0.3854166666666667 0.08882978723404256 0.016666666666666666 0.03723404255319149
0 0.50390625 0.09095744680851064 0.0171875 0.03297872340425532
0 0.19765625 0.08882978723404256 0.0171875 0.03297872340425532
0 0.17057291666666666 0.09148936170212765 0.018229166666666668 0.0425531914893617
0 0.7013020833333333 0.08882978723404256 0.0171875 0.03297872340425532
0 0.5638020833333334 0.09095744680851064 0.0171875 0.03297872340425532
0 0.6481770833333333 0.08776595744680851 0.015104166666666667 0.035106382978723406
4 0.2671875 0.09042553191489362 0.10729166666666666 0.04893617021276596
4 0.3463541666666667 0.09042553191489362 0.04375 0.04893617021276596
4 0.43046875 0.09042553191489362 0.11302083333333333 0.04893617021276596
4 0.51875 0.09042553191489362 0.05416666666666667 0.04893617021276596
4 0.5908854166666667 0.09042553191489362 0.0765625 0.04893617021276596
4 0.6635416666666667 0.09148936170212765 0.053125 0.05106382978723404
4 0.9557291666666666 0.09148936170212765 0.04375 0.05106382978723404
1 0.24270833333333333 0.1398936170212766 0.18125 0.030851063829787233
1 0.19270833333333334 0.19893617021276597 0.10416666666666667 0.04468085106382979
1 0.2625 0.19893617021276597 0.035416666666666666 0.04468085106382979
1 0.15859375 0.23563829787234042 0.0359375 0.02872340425531915
6 0.19140625 0.2824468085106383 0.10364583333333334 0.052127659574468084
6 0.28854166666666664 0.2824468085106383 0.07604166666666666 0.052127659574468084
6 0.3692708333333333 0.2824468085106383 0.07395833333333333 0.052127659574468084
6 0.44192708333333336 0.2824468085106383 0.059895833333333336 0.052127659574468084
6 0.5036458333333333 0.2824468085106383 0.05416666666666667 0.052127659574468084
14 0.5645833333333333 0.2824468085106383 0.8708333333333333 0.06063829787234042
13 0.5645833333333333 0.09148936170212765 0.8708333333333333 0.0574468085106383
0 0.6723958333333333 0.9377659574468085 0.017708333333333333 0.03297872340425532
0 0.2786458333333333 0.8579787234042553 0.017708333333333333 0.03297872340425532
0 0.7208333333333333 0.3718085106382979 0.017708333333333333 0.03297872340425532
0 0.7359375 0.5632978723404255 0.023958333333333335 0.052127659574468084
0 0.7346354166666667 0.8228723404255319 0.024479166666666666 0.052127659574468084
0 0.89140625 0.6377659574468085 0.016145833333333335 0.035106382978723406
0 0.94375 0.6377659574468085 0.0125 0.035106382978723406
0 0.8721354166666667 0.6377659574468085 0.0171875 0.035106382978723406
0 0.8924479166666667 0.901595744680851 0.016145833333333335 0.035106382978723406
0 0.9447916666666667 0.901595744680851 0.0125 0.035106382978723406
0 0.8731770833333333 0.901595744680851 0.0171875 0.035106382978723406
0 0.15625 0.7164893617021276 0.017708333333333333 0.03297872340425532
0 0.953125 0.4888297872340426 0.0125 0.035106382978723406
0 0.9427083333333334 0.5292553191489362 0.0125 0.035106382978723406
0 0.9518229166666666 0.750531914893617 0.013020833333333334 0.035106382978723406
0 0.9427083333333334 0.7909574468085107 0.0125 0.035106382978723406
0 0.9427083333333334 0.5606382978723404 0.0125 0.027659574468085105
0 0.9427083333333334 0.8228723404255319 0.0125 0.02872340425531915
9 0.19322916666666667 0.3558510638297872 0.08854166666666667 0.03723404255319149
1 0.19322916666666667 0.4308510638297872 0.06354166666666666 0.03829787234042553
1 0.19895833333333332 0.5031914893617021 0.075 0.059574468085106386
1 0.19140625 0.5771276595744681 0.059895833333333336 0.03723404255319149
1 0.19088541666666667 0.6430851063829788 0.058854166666666666 0.03723404255319149
1 0.18984375 0.7186170212765958 0.05677083333333333 0.03723404255319149
1 0.1828125 0.7872340425531915 0.042708333333333334 0.03829787234042553
1 0.19427083333333334 0.8579787234042553 0.065625 0.03723404255319149
1 0.18619791666666666 0.9404255319148936 0.049479166666666664 0.03829787234042553
1 0.31223958333333335 0.43351063829787234 0.08177083333333333 0.03723404255319149
1 0.2890625 0.5111702127659574 0.035416666666666666 0.03723404255319149
1 0.30130208333333336 0.5845744680851064 0.059895833333333336 0.03723404255319149
1 0.29270833333333335 0.6478723404255319 0.042708333333333334 0.03829787234042553
1 0.2989583333333333 0.726063829787234 0.05520833333333333 0.03723404255319149
1 0.2796875 0.7872340425531915 0.05416666666666667 0.03829787234042553
1 0.2994791666666667 0.8601063829787234 0.023958333333333335 0.03723404255319149
1 0.30234375 0.9382978723404255 0.06197916666666667 0.03829787234042553
3 0.4171875 0.4297872340425532 0.553125 0.07234042553191489
3 0.4171875 0.5026595744680851 0.553125 0.07340425531914893
3 0.4171875 0.576063829787234 0.553125 0.07340425531914893
3 0.4171875 0.649468085106383 0.553125 0.07340425531914893
3 0.4171875 0.7202127659574468 0.553125 0.06808510638297872
3 0.4171875 0.7909574468085107 0.553125 0.07340425531914893
3 0.4171875 0.8595744680851064 0.553125 0.06382978723404255
3 0.4171875 0.9324468085106383 0.553125 0.08191489361702127
1 0.7638020833333333 0.37446808510638296 0.06822916666666666 0.03829787234042553
1 0.8421875 0.37446808510638296 0.05 0.03829787234042553
9 0.7578125 0.4851063829787234 0.09166666666666666 0.0425531914893617
9 0.7328125 0.7457446808510638 0.041666666666666664 0.04468085106382979
1 0.7809895833333333 0.5654255319148936 0.058854166666666666 0.03723404255319149
1 0.778125 0.826063829787234 0.05520833333333333 0.035106382978723406
1 0.7497395833333333 0.6409574468085106 0.0453125 0.03723404255319149
1 0.9200520833333333 0.6409574468085106 0.025520833333333333 0.03723404255319149
1 0.7473958333333334 0.9026595744680851 0.04479166666666667 0.03723404255319149
1 0.9177083333333333 0.9026595744680851 0.025 0.03723404255319149
3 0.84140625 0.37340425531914895 0.27239583333333334 0.06382978723404255
12 0.5645833333333333 0.5601063829787234 0.8708333333333333 0.8797872340425532
