0 0.014721345951629864 0.03036876355748373 0.015772870662460567 0.03253796095444685
0 0.8898527865404837 0.02982646420824295 0.01629863301787592 0.03796095444685466
0 0.8583070452155626 0.03253796095444685 0.017350157728706624 0.03253796095444685
0 0.9213985278654049 0.03253796095444685 0.01840168243953733 0.03253796095444685
0 0.9842271293375394 0.03253796095444685 0.024185068349106203 0.052060737527114966
0 0.9518927444794952 0.03253796095444685 0.017350157728706624 0.03253796095444685
0 0.29258675078864355 0.03253796095444685 0.017350157728706624 0.03253796095444685
1 0.06887486855941115 0.03470715835140998 0.0694006309148265 0.03253796095444685
1 0.13301787592008413 0.033622559652928416 0.024185068349106203 0.03036876355748373
8 0.4327024185068349 0.03253796095444685 0.3028391167192429 0.04338394793926247
10 0.499211356466877 0.03036876355748373 0.998422712933754 0.06073752711496746
0 0.014195583596214511 0.7001084598698482 0.014721345951629864 0.03579175704989154
0 0.014195583596214511 0.19414316702819956 0.014721345951629864 0.03470715835140998
0 0.013144058885383806 0.24240780911062906 0.012618296529968454 0.033622559652928416
0 0.014195583596214511 0.09056399132321041 0.014721345951629864 0.03579175704989154
0 0.014195583596214511 0.5894793926247288 0.014721345951629864 0.04013015184381779
0 0.013669821240799159 0.14316702819956617 0.013669821240799159 0.03253796095444685
0 0.11593059936908517 0.19305856832971802 0.017350157728706624 0.03253796095444685
0 0.11593059936908517 0.24240780911062906 0.017350157728706624 0.033622559652928416
0 0.11593059936908517 0.294468546637744 0.017350157728706624 0.033622559652928416
0 0.11593059936908517 0.3541214750542299 0.017350157728706624 0.033622559652928416
0 0.11593059936908517 0.4137744034707158 0.017350157728706624 0.033622559652928416
0 0.11698212407991587 0.47559652928416485 0.017350157728706624 0.033622559652928416
0 0.11593059936908517 0.7543383947939263 0.017350157728706624 0.033622559652928416
0 0.11593059936908517 0.5401301518438177 0.017350157728706624 0.03253796095444685
0 0.11698212407991587 0.6447939262472885 0.017350157728706624 0.033622559652928416
2 0.05231335436382755 0.14370932754880694 0.09831756046267087 0.04229934924078091
2 0.05231335436382755 0.1903470715835141 0.09831756046267087 0.04229934924078091
2 0.05231335436382755 0.2380694143167028 0.09831756046267087 0.04229934924078091
2 0.05231335436382755 0.29229934924078094 0.09831756046267087 0.04229934924078091
5 0.053364879074658256 0.5894793926247288 0.10042060988433228 0.04229934924078091
2 0.05231335436382755 0.3557483731019523 0.09831756046267087 0.04338394793926247
2 0.05231335436382755 0.4170281995661605 0.09831756046267087 0.04229934924078091
2 0.05231335436382755 0.47559652928416485 0.09831756046267087 0.04229934924078091
2 0.05231335436382755 0.5374186550976139 0.09831756046267087 0.04229934924078091
2 0.053890641430073605 0.64587852494577 0.09936908517350158 0.04229934924078091
5 0.05231335436382755 0.7001084598698482 0.09831756046267087 0.04229934924078091
2 0.04758149316508938 0.7532537960954447 0.08675078864353312 0.04229934924078091
11 0.06440588853838065 0.529826464208243 0.1288117770767613 0.938177874186551
0 0.2392218717139853 0.23318872017353579 0.010515247108307046 0.02386117136659436
0 0.15851735015772872 0.21475054229934923 0.031019978969505785 0.06073752711496746
4 0.2455310199789695 0.0911062906724512 0.05993690851735016 0.052060737527114966
4 0.40799158780231337 0.09002169197396963 0.07991587802313355 0.049891540130151846
4 0.33543638275499477 0.09002169197396963 0.058885383806519455 0.049891540130151846
4 0.4802839116719243 0.09002169197396963 0.05310199789695058 0.049891540130151846
4 0.5557308096740273 0.09002169197396963 0.08937960042060988 0.049891540130151846
4 0.955310199789695 0.09002169197396963 0.0452155625657203 0.049891540130151846
13 0.5651945320715037 0.09273318872017354 0.8696109358569927 0.0596529284164859
1 0.24631966351209253 0.14099783080260303 0.19085173501577288 0.03253796095444685
1 0.21109358569926392 0.20119305856832972 0.06677181913774974 0.04013015184381779
1 0.19085173501577288 0.23698481561822127 0.028391167192429023 0.031453362255965296
6 0.16771819137749738 0.2874186550976139 0.056782334384858045 0.052060737527114966
6 0.22266035751840169 0.2874186550976139 0.04153522607781283 0.052060737527114966
6 0.28496319663512093 0.2874186550976139 0.07886435331230283 0.052060737527114966
14 0.5644058885383807 0.28796095444685466 0.8711882229232387 0.06616052060737528
0 0.1440588853838065 0.09056399132321041 0.015772870662460567 0.03579175704989154
0 0.20005257623554154 0.09164859002169197 0.017350157728706624 0.033622559652928416
0 0.1706098843322818 0.09164859002169197 0.01840168243953733 0.04229934924078091
0 0.9855415352260778 0.08893709327548807 0.017350157728706624 0.03253796095444685
0 0.14274447949526814 0.14099783080260303 0.01629863301787592 0.0368763557483731
0 0.9442691903259727 0.08947939262472886 0.015772870662460567 0.03796095444685466
0 0.3183491062039958 0.09164859002169197 0.01840168243953733 0.033622559652928416
0 0.5228706624605678 0.09164859002169197 0.01840168243953733 0.03796095444685466
0 0.6101472134595163 0.09164859002169197 0.017350157728706624 0.033622559652928416
0 0.29153522607781285 0.0938177874186551 0.017350157728706624 0.033622559652928416
0 0.37907465825446895 0.0938177874186551 0.016824395373291272 0.033622559652928416
0 0.2279179810725552 0.09164859002169197 0.017350157728706624 0.033622559652928416
0 0.46503680336487907 0.0938177874186551 0.01629863301787592 0.03796095444685466
1 0.2202944269190326 0.23698481561822127 0.030494216614090432 0.031453362255965296
0 0.43559411146161936 0.420824295010846 0.017350157728706624 0.03253796095444685
0 0.6506309148264984 0.37852494577006507 0.017350157728706624 0.0368763557483731
0 0.7208201892744479 0.3774403470715835 0.012618296529968454 0.03470715835140998
0 0.6748159831756047 0.37689804772234275 0.015247108307045216 0.04013015184381779
0 0.6976866456361724 0.38015184381778744 0.014721345951629864 0.04013015184381779
0 0.9529442691903259 0.38449023861171366 0.013144058885383806 0.03579175704989154
0 0.9484752891692955 0.4419739696312364 0.012618296529968454 0.03579175704989154
0 0.9484752891692955 0.539587852494577 0.012618296529968454 0.03579175704989154
0 0.9484752891692955 0.6393709327548807 0.012618296529968454 0.03579175704989154
0 0.9471608832807571 0.7391540130151844 0.013144058885383806 0.03579175704989154
0 0.785751840168244 0.4614967462039046 0.028916929547844375 0.06616052060737528
0 0.785751840168244 0.5612798264642083 0.028916929547844375 0.06616052060737528
0 0.785751840168244 0.661062906724512 0.028916929547844375 0.06616052060737528
0 0.785751840168244 0.7630151843817787 0.028916929547844375 0.06616052060737528
0 0.8927444794952681 0.8373101952277657 0.016824395373291272 0.03470715835140998
0 0.9458464773922187 0.8373101952277657 0.012618296529968454 0.03470715835140998
0 0.8735541535226078 0.8373101952277657 0.017350157728706624 0.03470715835140998
9 0.37986330178759203 0.9636659436008677 0.01840168243953733 0.02928416485900217
9 0.19847528916929547 0.3660520607375271 0.09936908517350158 0.03796095444685466
9 0.44190325972660355 0.37581344902386116 0.04363827549947424 0.03796095444685466
9 0.19032597266035753 0.5422993492407809 0.08307045215562565 0.039045553145336226
9 0.7831230283911672 0.3823210412147505 0.04258675078864353 0.03796095444685466
9 0.8222923238696109 0.9354663774403471 0.11882229232386961 0.03796095444685466
8 0.5788643533123028 0.42190889370932755 0.31019978969505785 0.04121475054229935
1 0.19137749737118823 0.44739696312364424 0.05993690851735016 0.03796095444685466
1 0.18901156677181913 0.6209327548806941 0.055205047318611984 0.03796095444685466
1 0.18848580441640378 0.690347071583514 0.054153522607781286 0.03796095444685466
1 0.18743427970557308 0.7586767895878525 0.052050473186119876 0.03796095444685466
1 0.1763932702418507 0.8259219088937093 0.02996845425867508 0.03796095444685466
1 0.20005257623554154 0.8920824295010846 0.07728706624605679 0.03796095444685466
1 0.19558359621451105 0.9593275488069414 0.0683491062039958 0.03796095444685466
1 0.2949526813880126 0.4517353579175705 0.0473186119873817 0.03796095444685466
1 0.30126182965299686 0.6279826464208242 0.05993690851735016 0.039045553145336226
1 0.29942166140904314 0.6946854663774403 0.05625657202944269 0.03796095444685466
1 0.28286014721345953 0.7640997830802603 0.023133543638275498 0.03796095444685466
1 0.3028391167192429 0.8280911062906724 0.06309148264984227 0.03796095444685466
1 0.29652996845425866 0.8975054229934925 0.050473186119873815 0.03796095444685466
1 0.297055730809674 0.9636659436008677 0.05152471083070452 0.03796095444685466
3 0.2723449001051525 0.44685466377440347 0.2607781282860147 0.06724511930585683
3 0.2723449001051525 0.6258134490238612 0.2607781282860147 0.06724511930585683
3 0.2723449001051525 0.6925162689804772 0.2607781282860147 0.06616052060737528
3 0.2723449001051525 0.7592190889370932 0.2607781282860147 0.06724511930585683
3 0.2723449001051525 0.8259219088937093 0.2607781282860147 0.06616052060737528
3 0.2723449001051525 0.8920824295010846 0.2607781282860147 0.06616052060737528
3 0.2723449001051525 0.9587852494577006 0.2607781282860147 0.06724511930585683
1 0.5788643533123028 0.6328633405639913 0.06624605678233439 0.04229934924078091
1 0.5793901156677181 0.690347071583514 0.2082018927444795 0.03796095444685466
1 0.8530494216614091 0.4614967462039046 0.09936908517350158 0.03796095444685466
1 0.85068349106204 0.5612798264642083 0.0946372239747634 0.03796095444685466
1 0.8283385909568874 0.661062906724512 0.049947423764458466 0.03796095444685466
1 0.8519978969505784 0.7640997830802603 0.09726603575184017 0.03796095444685466
1 0.8009989484752892 0.8400216919739696 0.04363827549947424 0.03796095444685466
1 0.9206098843322819 0.8411062906724512 0.033648790746582544 0.03579175704989154
12 0.5651945320715037 0.5629067245119306 0.8696109358569927 0.8741865509761388
