0 0.014721345951629864 0.03036876355748373 0.015772870662460567 0.03253796095444685
0 0.8898527865404837 0.02982646420824295 0.01629863301787592 0.03796095444685466
0 0.8583070452155626 0.03253796095444685 0.017350157728706624 0.03253796095444685
0 0.9213985278654049 0.03253796095444685 0.01840168243953733 0.03253796095444685
0 0.9842271293375394 0.03253796095444685 0.024185068349106203 0.052060737527114966
0 0.9518927444794952 0.03253796095444685 0.017350157728706624 0.03253796095444685
0 0.29258675078864355 0.03253796095444685 0.017350157728706624 0.03253796095444685
1 0.06887486855941115 0.03470715835140998 0.0694006309148265 0.03253796095444685
1 0.13301787592008413 0.033622559652928416 0.024185068349106203 0.03036876355748373
8 0.4327024185068349 0.03253796095444685 0.3028391167192429 0.04338394793926247
10 0.499211356466877 0.03036876355748373 0.998422712933754 0.06073752711496746
0 0.014195583596214511 0.09056399132321041 0.014721345951629864 0.03579175704989154
0 0.013669821240799159 0.12906724511930587 0.013669821240799159 0.03253796095444685
0 0.014195583596214511 0.17733188720173534 0.014721345951629864 0.03579175704989154
0 0.013144058885383806 0.22342733188720174 0.012618296529968454 0.03253796095444685
0 0.013144058885383806 0.3297180043383948 0.012618296529968454 0.03253796095444685
0 0.013144058885383806 0.37689804772234275 0.012618296529968454 0.033622559652928416
0 0.014195583596214511 0.4262472885032538 0.012618296529968454 0.03253796095444685
0 0.01288117770767613 0.9793926247288504 0.015247108307045216 0.03470715835140998
0 0.01288117770767613 0.9322125813449024 0.015247108307045216 0.03579175704989154
0 0.014195583596214511 0.7196312364425163 0.014721345951629864 0.04013015184381779
0 0.01288117770767613 0.8308026030368764 0.015247108307045216 0.03470715835140998
0 0.10436382754994743 0.17407809110629066 0.017350157728706624 0.033622559652928416
0 0.10436382754994743 0.2185466377440347 0.017350157728706624 0.033622559652928416
0 0.10436382754994743 0.2754880694143167 0.017350157728706624 0.03253796095444685
0 0.10436382754994743 0.4804772234273319 0.017350157728706624 0.03253796095444685
0 0.10541535226077813 0.5401301518438177 0.017350157728706624 0.03253796095444685
0 0.10436382754994743 0.60412147505423 0.017350157728706624 0.03253796095444685
0 0.10436382754994743 0.663232104121475 0.017350157728706624 0.033622559652928416
0 0.10331230283911672 0.7727765726681128 0.017350157728706624 0.033622559652928416
0 0.10436382754994743 0.8877440347071583 0.017350157728706624 0.033622559652928416
2 0.04758149316508938 0.12906724511930587 0.08675078864353312 0.04338394793926247
2 0.04758149316508938 0.1762472885032538 0.08675078864353312 0.04229934924078091
2 0.04758149316508938 0.22342733188720174 0.08675078864353312 0.04338394793926247
2 0.04758149316508938 0.2749457700650759 0.08675078864353312 0.04229934924078091
5 0.053890641430073605 0.329175704989154 0.09726603575184017 0.04229934924078091
5 0.04758149316508938 0.37689804772234275 0.08675078864353312 0.04229934924078091
5 0.057308096740273394 0.4213665943600868 0.10620399579390116 0.04229934924078091
2 0.04652996845425868 0.539587852494577 0.08675078864353312 0.04229934924078091
2 0.04652996845425868 0.6019522776572668 0.08675078864353312 0.05422993492407809
2 0.04652996845425868 0.6643167028199566 0.08675078864353312 0.04229934924078091
5 0.04758149316508938 0.7185466377440347 0.08675078864353312 0.04229934924078091
2 0.04758149316508938 0.7744034707158352 0.08675078864353312 0.05422993492407809
5 0.04758149316508938 0.829175704989154 0.09095688748685594 0.04229934924078091
2 0.04547844374342797 0.8866594360086768 0.08675078864353312 0.04229934924078091
5 0.04547844374342797 0.9354663774403471 0.08675078864353312 0.04229934924078091
5 0.049947423764458466 0.9777657266811279 0.09568874868559411 0.04229934924078091
2 0.04652996845425868 0.47993492407809113 0.08675078864353312 0.04229934924078091
11 0.06440588853838065 0.529826464208243 0.1288117770767613 0.938177874186551
0 0.1440588853838065 0.09056399132321041 0.015772870662460567 0.03579175704989154
0 0.2618296529968454 0.09164859002169197 0.01892744479495268 0.033622559652928416
0 0.9855415352260778 0.08893709327548807 0.017350157728706624 0.03253796095444685
0 0.9442691903259727 0.08947939262472886 0.015772870662460567 0.03796095444685466
0 0.14274447949526814 0.14099783080260303 0.01629863301787592 0.0368763557483731
0 0.3472660357518402 0.09164859002169197 0.01629863301787592 0.03796095444685466
0 0.43559411146161936 0.09164859002169197 0.017350157728706624 0.033622559652928416
0 0.19900105152471084 0.0938177874186551 0.017350157728706624 0.033622559652928416
0 0.1706098843322818 0.09164859002169197 0.01840168243953733 0.04229934924078091
1 0.24684542586750788 0.1399132321041215 0.18980021030494218 0.03036876355748373
6 0.1661409043112513 0.28470715835141 0.048370136698212406 0.04229934924078091
14 0.5651945320715037 0.2885032537960954 0.8696109358569927 0.05856832971800434
4 0.21556256572029442 0.0911062906724512 0.05573080967402734 0.052060737527114966
4 0.28969505783385907 0.09273318872017354 0.08096740273396424 0.04880694143167028
4 0.38091482649842273 0.09002169197396963 0.08780231335436382 0.049891540130151846
4 0.955310199789695 0.09002169197396963 0.0452155625657203 0.049891540130151846
13 0.5644058885383807 0.0911062906724512 0.8711882229232387 0.05639913232104121
1 0.1498422712933754 0.19956616052060738 0.023133543638275498 0.04338394793926247
1 0.17981072555205047 0.19793926247288504 0.03680336487907466 0.04013015184381779
1 0.157465825446898 0.23752711496746204 0.03838065194532071 0.03253796095444685
1 0.18033648790746581 0.3823210412147505 0.03785488958990536 0.03796095444685466
1 0.18848580441640378 0.44739696312364424 0.054153522607781286 0.03796095444685466
1 0.17981072555205047 0.5157266811279827 0.03680336487907466 0.03796095444685466
1 0.2820715036803365 0.3823210412147505 0.021556256572029444 0.03796095444685466
1 0.31335436382754994 0.4517353579175705 0.08412197686645637 0.03796095444685466
1 0.28286014721345953 0.5189804772234273 0.023133543638275498 0.03796095444685466
3 0.5599369085173501 0.37906724511930584 0.8359621451104101 0.06399132321041215
3 0.5599369085173501 0.447939262472885 0.8359621451104101 0.0737527114967462
3 0.5599369085173501 0.5157266811279827 0.8359621451104101 0.06182212581344902
12 0.5644058885383807 0.5601952277657267 0.8711882229232387 0.8796095444685467
