0 0.014721345951629864 0.03036876355748373 0.015772870662460567 0.03253796095444685
0 0.8898527865404837 0.02982646420824295 0.01629863301787592 0.03796095444685466
0 0.8583070452155626 0.03253796095444685 0.017350157728706624 0.03253796095444685
0 0.9213985278654049 0.03253796095444685 0.01840168243953733 0.03253796095444685
0 0.9842271293375394 0.03253796095444685 0.024185068349106203 0.052060737527114966
0 0.9518927444794952 0.03253796095444685 0.017350157728706624 0.03253796095444685
0 0.29258675078864355 0.03253796095444685 0.017350157728706624 0.03253796095444685
1 0.06887486855941115 0.03470715835140998 0.0694006309148265 0.03253796095444685
1 0.13301787592008413 0.033622559652928416 0.024185068349106203 0.03036876355748373
8 0.4327024185068349 0.03253796095444685 0.3028391167192429 0.04338394793926247
10 0.499211356466877 0.03036876355748373 0.998422712933754 0.06073752711496746
0 0.014195583596214511 0.09056399132321041 0.014721345951629864 0.03579175704989154
0 0.10436382754994743 0.14533622559652928 0.017350157728706624 0.03253796095444685
0 0.10436382754994743 0.20661605206073752 0.017350157728706624 0.033622559652928416
0 0.10541535226077813 0.8850325379609545 0.017350157728706624 0.03253796095444685
0 0.10436382754994743 0.9468546637744034 0.017350157728706624 0.03253796095444685
2 0.04758149316508938 0.20661605206073752 0.08675078864353312 0.04229934924078091
2 0.04758149316508938 0.14696312364425163 0.08675078864353312 0.04229934924078091
5 0.05967402733964248 0.2554229934924078 0.10883280757097792 0.04229934924078091
5 0.05967402733964248 0.30314533622559653 0.10883280757097792 0.04229934924078091
5 0.05967402733964248 0.35086767895878523 0.10883280757097792 0.04229934924078091
5 0.06072555205047318 0.4007592190889371 0.11093585699263933 0.04229934924078091
5 0.049158780231335436 0.4506507592190889 0.08780231335436382 0.04229934924078091
5 0.050473186119873815 0.49837310195227763 0.0904311251314406 0.04229934924078091
5 0.049947423764458466 0.5417570498915402 0.08937960042060988 0.04013015184381779
5 0.053890641430073605 0.5883947939262473 0.09726603575184017 0.04229934924078091
5 0.05441640378548896 0.6339479392624728 0.09831756046267087 0.04229934924078091
5 0.05967402733964248 0.6816702819956616 0.10883280757097792 0.04229934924078091
5 0.05967402733964248 0.7315618221258134 0.10883280757097792 0.04229934924078091
5 0.05967402733964248 0.7814533622559653 0.10883280757097792 0.04229934924078091
5 0.05967402733964248 0.829175704989154 0.10883280757097792 0.04229934924078091
2 0.04758149316508938 0.8850325379609545 0.08675078864353312 0.05422993492407809
2 0.04758149316508938 0.9452277657266811 0.08675078864353312 0.04229934924078091
11 0.06440588853838065 0.529826464208243 0.1288117770767613 0.938177874186551
0 0.2392218717139853 0.23318872017353579 0.010515247108307046 0.02386117136659436
0 0.15851735015772872 0.21475054229934923 0.031019978969505785 0.06073752711496746
4 0.2455310199789695 0.0911062906724512 0.05993690851735016 0.052060737527114966
4 0.40799158780231337 0.09002169197396963 0.07991587802313355 0.049891540130151846
4 0.33543638275499477 0.09002169197396963 0.058885383806519455 0.049891540130151846
4 0.4802839116719243 0.09002169197396963 0.05310199789695058 0.049891540130151846
4 0.5557308096740273 0.09002169197396963 0.08937960042060988 0.049891540130151846
4 0.955310199789695 0.09002169197396963 0.0452155625657203 0.049891540130151846
13 0.5651945320715037 0.09273318872017354 0.8696109358569927 0.0596529284164859
1 0.24631966351209253 0.14099783080260303 0.19085173501577288 0.03253796095444685
1 0.2047844374342797 0.20119305856832972 0.054153522607781286 0.04013015184381779
1 0.19085173501577288 0.23698481561822127 0.028391167192429023 0.031453362255965296
6 0.16771819137749738 0.2874186550976139 0.056782334384858045 0.052060737527114966
6 0.22266035751840169 0.2874186550976139 0.04153522607781283 0.052060737527114966
6 0.28496319663512093 0.2874186550976139 0.07886435331230283 0.052060737527114966
14 0.5644058885383807 0.28796095444685466 0.8711882229232387 0.06616052060737528
0 0.1440588853838065 0.09056399132321041 0.015772870662460567 0.03579175704989154
0 0.20005257623554154 0.09164859002169197 0.017350157728706624 0.033622559652928416
0 0.1706098843322818 0.09164859002169197 0.01840168243953733 0.04229934924078091
0 0.9855415352260778 0.08893709327548807 0.017350157728706624 0.03253796095444685
0 0.14274447949526814 0.14099783080260303 0.01629863301787592 0.0368763557483731
0 0.9442691903259727 0.08947939262472886 0.015772870662460567 0.03796095444685466
0 0.3183491062039958 0.09164859002169197 0.01840168243953733 0.033622559652928416
0 0.5228706624605678 0.09164859002169197 0.01840168243953733 0.03796095444685466
0 0.6101472134595163 0.09164859002169197 0.017350157728706624 0.033622559652928416
0 0.29153522607781285 0.0938177874186551 0.017350157728706624 0.033622559652928416
0 0.37907465825446895 0.0938177874186551 0.016824395373291272 0.033622559652928416
0 0.2279179810725552 0.09164859002169197 0.017350157728706624 0.033622559652928416
0 0.46503680336487907 0.0938177874186551 0.01629863301787592 0.03796095444685466
1 0.2202944269190326 0.23698481561822127 0.030494216614090432 0.031453362255965296
1 0.20005257623554154 0.3470715835140998 0.07728706624605679 0.04772234273318872
1 0.20636172450052576 0.4137744034707158 0.08990536277602523 0.03796095444685466
1 0.28496319663512093 0.3421908893709328 0.027339642481598318 0.03796095444685466
1 0.31230283911671924 0.4181127982646421 0.08201892744479496 0.03796095444685466
3 0.2723449001051525 0.35195227765726683 0.2607781282860147 0.06182212581344902
3 0.2723449001051525 0.4148590021691974 0.2607781282860147 0.06399132321041215
1 0.7810199789695058 0.36388286334056397 0.019453207150368034 0.03796095444685466
1 0.7952155625657203 0.41594360086767895 0.04363827549947424 0.03796095444685466
1 0.7807570977917981 0.46366594360086766 0.022082018927444796 0.03796095444685466
1 0.8086225026288117 0.6279826464208242 0.07045215562565721 0.039045553145336226
0 0.7810199789695058 0.6719088937093276 0.015247108307045216 0.031453362255965296
0 0.8927444794952681 0.9061822125813449 0.016824395373291272 0.03579175704989154
0 0.9458464773922187 0.9061822125813449 0.012618296529968454 0.03579175704989154
0 0.8735541535226078 0.9061822125813449 0.017350157728706624 0.03579175704989154
1 0.8086225026288117 0.6729934924078091 0.04311251314405889 0.03796095444685466
1 0.8675078864353313 0.8519522776572668 0.08201892744479496 0.03796095444685466
1 0.9200841219768665 0.9094360086767896 0.030494216614090432 0.03796095444685466
1 0.8017875920084122 0.9094360086767896 0.0452155625657203 0.03796095444685466
9 0.8073080967402734 0.5542299349240781 0.08885383806519453 0.04338394793926247
9 0.8178233438485805 0.7922993492407809 0.11198738170347003 0.04229934924078091
3 0.8669821240799159 0.3611713665943601 0.22397476340694006 0.052060737527114966
3 0.8669821240799159 0.4137744034707158 0.22397476340694006 0.05314533622559653
3 0.8669821240799159 0.46637744034707157 0.22397476340694006 0.052060737527114966
3 0.8669821240799159 0.6258134490238612 0.22397476340694006 0.052060737527114966
3 0.8669821240799159 0.6778741865509761 0.22397476340694006 0.052060737527114966
12 0.5651945320715037 0.561822125813449 0.8696109358569927 0.8763557483731019
