0 0.014721345951629864 0.03036876355748373 0.015772870662460567 0.03253796095444685
0 0.8898527865404837 0.02982646420824295 0.01629863301787592 0.03796095444685466
0 0.8583070452155626 0.03253796095444685 0.017350157728706624 0.03253796095444685
0 0.9213985278654049 0.03253796095444685 0.01840168243953733 0.03253796095444685
0 0.9842271293375394 0.03253796095444685 0.024185068349106203 0.052060737527114966
0 0.9518927444794952 0.03253796095444685 0.017350157728706624 0.03253796095444685
0 0.29258675078864355 0.03253796095444685 0.017350157728706624 0.03253796095444685
1 0.06887486855941115 0.03470715835140998 0.0694006309148265 0.03253796095444685
1 0.13301787592008413 0.033622559652928416 0.024185068349106203 0.03036876355748373
8 0.4327024185068349 0.03253796095444685 0.3028391167192429 0.04338394793926247
10 0.499211356466877 0.03036876355748373 0.998422712933754 0.06073752711496746
0 0.014195583596214511 0.30585683297180044 0.012618296529968454 0.03253796095444685
0 0.014195583596214511 0.35032537960954446 0.012618296529968454 0.03253796095444685
0 0.014195583596214511 0.3975054229934924 0.012618296529968454 0.033622559652928416
0 0.014195583596214511 0.09056399132321041 0.014721345951629864 0.03579175704989154
0 0.014195583596214511 0.14642082429501085 0.014721345951629864 0.03470715835140998
0 0.013144058885383806 0.19251626898047722 0.012618296529968454 0.033622559652928416
0 0.10436382754994743 0.45010845986984815 0.017350157728706624 0.03253796095444685
0 0.10541535226077813 0.1475054229934924 0.017350157728706624 0.03253796095444685
0 0.10541535226077813 0.19305856832971802 0.017350157728706624 0.03253796095444685
0 0.10436382754994743 0.24511930585683298 0.017350157728706624 0.03253796095444685
2 0.04652996845425868 0.1480477223427332 0.08675078864353312 0.04229934924078091
2 0.04652996845425868 0.19468546637744036 0.08675078864353312 0.04229934924078091
2 0.04652996845425868 0.24674620390455532 0.08675078864353312 0.04229934924078091
5 0.05441640378548896 0.3009761388286334 0.09831756046267087 0.04229934924078091
5 0.04758149316508938 0.3481561822125813 0.08675078864353312 0.04338394793926247
5 0.057308096740273394 0.39316702819956617 0.10620399579390116 0.04229934924078091
2 0.04652996845425868 0.44739696312364424 0.08675078864353312 0.04229934924078091
5 0.06203995793901157 0.5027114967462039 0.10830704521556257 0.04229934924078091
5 0.06203995793901157 0.5504338394793926 0.10830704521556257 0.04229934924078091
5 0.06203995793901157 0.5981561822125814 0.10830704521556257 0.04229934924078091
5 0.05625657202944269 0.6480477223427332 0.09674027339642481 0.04229934924078091
5 0.05993690851735016 0.6979392624728851 0.10410094637223975 0.04229934924078091
5 0.04652996845425868 0.7456616052060737 0.07728706624605679 0.04229934924078091
5 0.04889589905362776 0.8378524945770065 0.08201892744479496 0.04013015184381779
5 0.061514195583596214 0.8850325379609545 0.10725552050473186 0.039045553145336226
5 0.061514195583596214 0.9322125813449024 0.10725552050473186 0.04013015184381779
5 0.04022082018927445 0.9777657266811279 0.06677181913774974 0.04013015184381779
5 0.061514195583596214 0.7901301518438177 0.10725552050473186 0.04013015184381779
11 0.06440588853838065 0.529826464208243 0.1288117770767613 0.938177874186551
6 0.1916403785488959 0.28470715835141 0.09936908517350158 0.04229934924078091
6 0.297055730809674 0.28470715835141 0.09568874868559411 0.04229934924078091
6 0.37092534174553105 0.28470715835141 0.04258675078864353 0.04229934924078091
6 0.4624079915878023 0.28470715835141 0.12355415352260778 0.04229934924078091
9 0.18743427970557308 0.3920824295010846 0.08464773922187172 0.03579175704989154
14 0.564931650893796 0.28633405639913234 0.8690851735015773 0.05856832971800434
0 0.7034700315457413 0.37581344902386116 0.014721345951629864 0.04013015184381779
0 0.7024185068349106 0.4506507592190889 0.014721345951629864 0.04013015184381779
0 0.4616193480546793 0.5677874186550976 0.01892744479495268 0.033622559652928416
0 0.5262881177707676 0.6914316702819957 0.00946372239747634 0.031453362255965296
0 0.42691903259726605 0.6941431670281996 0.00946372239747634 0.03036876355748373
0 0.22949526813880125 0.6963123644251626 0.008937960042060988 0.03036876355748373
0 0.2202944269190326 0.6963123644251626 0.00946372239747634 0.03036876355748373
0 0.9566246056782335 0.5900216919739696 0.017350157728706624 0.03470715835140998
0 0.5291798107255521 0.5688720173535792 0.013144058885383806 0.03579175704989154
1 0.2521030494216614 0.4734273318872017 0.20452155625657203 0.03796095444685466
4 0.4800210304942166 0.5677874186550976 0.05993690851735016 0.046637744034707156
0 0.167192429022082 0.6209327548806941 0.023133543638275498 0.04880694143167028
1 0.24395373291272346 0.6231019522776573 0.12828601472134596 0.044468546637744036
1 0.34858044164037855 0.8009761388286334 0.08307045215562565 0.03796095444685466
7 0.21293375394321767 0.6973969631236443 0.0473186119873817 0.04772234273318872
7 0.41009463722397477 0.6973969631236443 0.0473186119873817 0.04772234273318872
7 0.5094637223974764 0.6973969631236443 0.0473186119873817 0.04772234273318872
15 0.3491062039957939 0.7001084598698482 0.41430073606729756 0.06616052060737528
1 0.6164563617245006 0.37147505422993493 0.06256572029442692 0.03796095444685466
1 0.619348054679285 0.4463123644251627 0.0683491062039958 0.0596529284164859
1 0.618559411146162 0.5254880694143167 0.06677181913774974 0.03796095444685466
1 0.629074658254469 0.591648590021692 0.08780231335436382 0.03796095444685466
1 0.7352786540483701 0.3747288503253796 0.05310199789695058 0.03796095444685466
1 0.7400105152471083 0.4517353579175705 0.06256572029442692 0.03796095444685466
1 0.7076761303890642 0.529826464208243 0.02103049421661409 0.03796095444685466
1 0.7066246056782335 0.5938177874186551 0.023133543638275498 0.03796095444685466
3 0.7710304942166141 0.38015184381778744 0.4137749737118822 0.06832971800433839
3 0.7710304942166141 0.4544468546637744 0.4137749737118822 0.08026030368763558
3 0.7710304942166141 0.5265726681127982 0.4137749737118822 0.06399132321041215
3 0.7710304942166141 0.591648590021692 0.4137749737118822 0.06616052060737528
0 0.22844374342797055 0.09164859002169197 0.01629863301787592 0.03796095444685466
0 0.1440588853838065 0.09056399132321041 0.015772870662460567 0.03579175704989154
0 0.27576235541535227 0.0938177874186551 0.01840168243953733 0.033622559652928416
0 0.9855415352260778 0.08893709327548807 0.017350157728706624 0.03253796095444685
0 0.9442691903259727 0.08947939262472886 0.015772870662460567 0.03796095444685466
0 0.14274447949526814 0.14099783080260303 0.01629863301787592 0.0368763557483731
0 0.3351735015772871 0.09164859002169197 0.017350157728706624 0.03796095444685466
0 0.39563617245005256 0.09164859002169197 0.01629863301787592 0.03796095444685466
0 0.48291272344900105 0.09164859002169197 0.017350157728706624 0.033622559652928416
0 0.20005257623554154 0.09164859002169197 0.017350157728706624 0.033622559652928416
0 0.1706098843322818 0.09164859002169197 0.01840168243953733 0.04229934924078091
1 0.24263932702418506 0.1399132321041215 0.18138801261829654 0.03036876355748373
1 0.20084121976866456 0.21529284164859003 0.046267087276550996 0.06399132321041215
1 0.8220294426919033 0.21637744034707157 0.04363827549947424 0.0509761388286334
1 0.8819663512092534 0.21691973969631237 0.057308096740273394 0.052060737527114966
1 0.9466351209253417 0.21637744034707157 0.055205047318611984 0.0509761388286334
1 0.7752365930599369 0.21637744034707157 0.028916929547844375 0.046637744034707156
4 0.2386961093585699 0.0938177874186551 0.04416403785488959 0.0509761388286334
4 0.2917981072555205 0.0938177874186551 0.05573080967402734 0.0509761388286334
4 0.3501577287066246 0.09273318872017354 0.054679284963196635 0.04880694143167028
4 0.4292849631966351 0.09273318872017354 0.08780231335436382 0.04880694143167028
4 0.955310199789695 0.09002169197396963 0.0452155625657203 0.049891540130151846
13 0.5644058885383807 0.08893709327548807 0.8711882229232387 0.05639913232104121
0 0.157465825446898 0.21203904555314534 0.031019978969505785 0.07049891540130152
12 0.5644058885383807 0.5591106290672451 0.8711882229232387 0.8817787418655098
