0 0.01484375 0.03031914893617021 0.016145833333333335 0.03297872340425532
0 0.88984375 0.03031914893617021 0.016145833333333335 0.03723404255319149
0 0.8583333333333333 0.032446808510638296 0.017708333333333333 0.03297872340425532
0 0.92109375 0.032446808510638296 0.018229166666666668 0.03297872340425532
0 0.9841145833333333 0.032446808510638296 0.024479166666666666 0.052127659574468084
0 0.9518229166666666 0.032446808510638296 0.0171875 0.03297872340425532
0 0.29244791666666664 0.032446808510638296 0.0171875 0.03297872340425532
1 0.06901041666666667 0.034574468085106384 0.06927083333333334 0.03297872340425532
1 0.13307291666666668 0.03351063829787234 0.024479166666666666 0.030851063829787233
8 0.43255208333333334 0.032446808510638296 0.3026041666666667 0.04148936170212766
10 0.49921875 0.03031914893617021 0.9984375 0.06063829787234042
0 0.014322916666666666 0.0898936170212766 0.015104166666666667 0.035106382978723406
0 0.013541666666666667 0.14095744680851063 0.013541666666666667 0.03297872340425532
0 0.014322916666666666 0.18936170212765957 0.015104166666666667 0.036170212765957444
0 0.013020833333333334 0.23563829787234042 0.0125 0.03297872340425532
0 0.013020833333333334 0.5808510638297872 0.014583333333333334 0.04042553191489362
0 0.11458333333333333 0.18563829787234043 0.017708333333333333 0.03297872340425532
0 0.11458333333333333 0.23563829787234042 0.017708333333333333 0.03297872340425532
0 0.11458333333333333 0.2845744680851064 0.017708333333333333 0.03297872340425532
0 0.11458333333333333 0.34414893617021275 0.017708333333333333 0.03297872340425532
0 0.11458333333333333 0.4047872340425532 0.017708333333333333 0.03297872340425532
0 0.11458333333333333 0.4643617021276596 0.017708333333333333 0.03297872340425532
0 0.11458333333333333 0.6292553191489362 0.017708333333333333 0.03297872340425532
0 0.11588541666666667 0.6930851063829787 0.0171875 0.03297872340425532
0 0.11588541666666667 0.525 0.0171875 0.03297872340425532
2 0.05234375 0.14095744680851063 0.0984375 0.04148936170212766
2 0.05234375 0.18829787234042553 0.0984375 0.0425531914893617
2 0.05234375 0.2351063829787234 0.0984375 0.0425531914893617
2 0.05234375 0.28936170212765955 0.0984375 0.0425531914893617
5 0.05182291666666667 0.5797872340425532 0.10364583333333334 0.0425531914893617
2 0.05234375 0.34574468085106386 0.0984375 0.0425531914893617
2 0.05234375 0.4074468085106383 0.0984375 0.0425531914893617
2 0.05234375 0.4664893617021277 0.0984375 0.04148936170212766
2 0.05234375 0.5276595744680851 0.0984375 0.0425531914893617
2 0.05234375 0.6340425531914894 0.0984375 0.0425531914893617
2 0.05234375 0.6904255319148936 0.0984375 0.0425531914893617
11 0.06458333333333334 0.5297872340425532 0.12916666666666668 0.9382978723404255
0 0.19817708333333334 0.08882978723404256 0.016145833333333335 0.03723404255319149
0 0.14401041666666667 0.0898936170212766 0.016145833333333335 0.035106382978723406
0 0.2734375 0.09095744680851064 0.01875 0.03297872340425532
0 0.98515625 0.08882978723404256 0.0171875 0.03297872340425532
0 0.94453125 0.08882978723404256 0.016145833333333335 0.03723404255319149
0 0.14296875 0.14095744680851063 0.016145833333333335 0.03723404255319149
0 0.33515625 0.09148936170212765 0.0171875 0.03829787234042553
0 0.3924479166666667 0.08882978723404256 0.016145833333333335 0.03723404255319149
0 0.17109375 0.08882978723404256 0.0171875 0.03297872340425532
0 0.47942708333333334 0.08882978723404256 0.0171875 0.03297872340425532
1 0.24270833333333333 0.1398936170212766 0.18125 0.030851063829787233
1 0.20286458333333332 0.2148936170212766 0.0484375 0.06382978723404255
1 0.7942708333333334 0.21436170212765956 0.04375 0.052127659574468084
1 0.859375 0.21170212765957447 0.06354166666666666 0.05106382978723404
1 0.9419270833333333 0.2127659574468085 0.05572916666666667 0.059574468085106386
4 0.23645833333333333 0.09148936170212765 0.04375 0.05106382978723404
4 0.28854166666666664 0.09042553191489362 0.05520833333333333 0.04893617021276596
4 0.3494791666666667 0.09042553191489362 0.053125 0.04893617021276596
4 0.42526041666666664 0.09042553191489362 0.0890625 0.04893617021276596
4 0.9559895833333333 0.09148936170212765 0.04635416666666667 0.04680851063829787
13 0.5651041666666666 0.09042553191489362 0.8697916666666666 0.059574468085106386
0 0.22552083333333334 0.09095744680851064 0.017708333333333333 0.03297872340425532
1 0.75078125 0.21382978723404256 0.028645833333333332 0.04680851063829787
0 0.8934895833333333 0.6962765957446808 0.016145833333333335 0.035106382978723406
0 0.9447916666666667 0.6941489361702128 0.0125 0.035106382978723406
0 0.8744791666666667 0.6962765957446808 0.017708333333333333 0.035106382978723406
6 0.19140625 0.2851063829787234 0.09947916666666666 0.0425531914893617
6 0.296875 0.2851063829787234 0.09583333333333334 0.0425531914893617
6 0.37083333333333335 0.2851063829787234 0.042708333333333334 0.0425531914893617
6 0.4622395833333333 0.2851063829787234 0.1234375 0.0425531914893617
9 0.18619791666666666 0.37340425531914895 0.07760416666666667 0.036170212765957444
14 0.56484375 0.28617021276595744 0.8692708333333333 0.059574468085106386
1 0.91875 0.6973404255319149 0.030208333333333334 0.03297872340425532
1 0.18515625 0.6962765957446808 0.03802083333333333 0.030851063829787233
0 0.8184895833333333 0.37446808510638296 0.018229166666666668 0.03404255319148936
0 0.22135416666666666 0.4324468085106383 0.009375 0.030851063829787233
0 0.34270833333333334 0.43031914893617024 0.009375 0.030851063829787233
0 0.4166666666666667 0.43031914893617024 0.009375 0.030851063829787233
0 0.4859375 0.43031914893617024 0.009375 0.030851063829787233
0 0.6395833333333333 0.4324468085106383 0.009375 0.030851063829787233
0 0.6786458333333333 0.43031914893617024 0.009375 0.030851063829787233
0 0.7872395833333333 0.4324468085106383 0.008854166666666666 0.030851063829787233
0 0.8625 0.4324468085106383 0.009375 0.030851063829787233
0 0.9361979166666666 0.43031914893617024 0.008854166666666666 0.030851063829787233
0 0.6302083333333334 0.4324468085106383 0.009375 0.030851063829787233
0 0.565625 0.4324468085106383 0.009375 0.030851063829787233
0 0.8854166666666666 0.3718085106382979 0.01875 0.03297872340425532
1 0.5604166666666667 0.5382978723404256 0.075 0.04042553191489362
7 0.20859375 0.4319148936170213 0.0390625 0.04042553191489362
7 0.30625 0.4319148936170213 0.08645833333333333 0.04042553191489362
7 0.39114583333333336 0.4319148936170213 0.06458333333333334 0.04042553191489362
7 0.46328125 0.4319148936170213 0.0609375 0.04042553191489362
7 0.5401041666666667 0.4319148936170213 0.06458333333333334 0.04042553191489362
7 0.6140625 0.4319148936170213 0.06666666666666667 0.04042553191489362
7 0.6708333333333333 0.4319148936170213 0.03229166666666667 0.04042553191489362
7 0.7611979166666667 0.4319148936170213 0.06822916666666666 0.04042553191489362
7 0.8369791666666667 0.4319148936170213 0.06666666666666667 0.04042553191489362
7 0.91015625 0.4319148936170213 0.06822916666666666 0.04042553191489362
4 0.83515625 0.37340425531914895 0.0609375 0.04468085106382979
4 0.91953125 0.37340425531914895 0.09114583333333333 0.04468085106382979
15 0.55859375 0.4297872340425532 0.8380208333333333 0.059574468085106386
0 0.15729166666666666 0.21170212765957447 0.03125 0.07021276595744681
12 0.56484375 0.5585106382978723 0.8692708333333333 0.8765957446808511
