0 0.01484375 0.03031914893617021 0.016145833333333335 0.03297872340425532
0 0.88984375 0.03031914893617021 0.016145833333333335 0.03723404255319149
0 0.8583333333333333 0.032446808510638296 0.017708333333333333 0.03297872340425532
0 0.92109375 0.032446808510638296 0.018229166666666668 0.03297872340425532
0 0.9841145833333333 0.032446808510638296 0.024479166666666666 0.052127659574468084
0 0.9518229166666666 0.032446808510638296 0.0171875 0.03297872340425532
0 0.29244791666666664 0.032446808510638296 0.0171875 0.03297872340425532
1 0.06901041666666667 0.034574468085106384 0.06927083333333334 0.03297872340425532
1 0.13307291666666668 0.03351063829787234 0.024479166666666666 0.030851063829787233
8 0.43255208333333334 0.032446808510638296 0.3026041666666667 0.04148936170212766
10 0.49921875 0.03031914893617021 0.9984375 0.06063829787234042
0 0.014322916666666666 0.0898936170212766 0.015104166666666667 0.035106382978723406
0 0.013541666666666667 0.14095744680851063 0.013541666666666667 0.03297872340425532
0 0.014322916666666666 0.18936170212765957 0.015104166666666667 0.036170212765957444
0 0.013020833333333334 0.23563829787234042 0.0125 0.03297872340425532
0 0.013020833333333334 0.34095744680851064 0.0125 0.03297872340425532
0 0.0140625 0.38670212765957446 0.0125 0.03297872340425532
0 0.013020833333333334 0.43138297872340425 0.0125 0.03297872340425532
0 0.013020833333333334 0.9792553191489362 0.014583333333333334 0.035106382978723406
0 0.013020833333333334 0.9324468085106383 0.014583333333333334 0.035106382978723406
0 0.014322916666666666 0.7223404255319149 0.015104166666666667 0.04042553191489362
0 0.013020833333333334 0.8308510638297872 0.014583333333333334 0.036170212765957444
0 0.103125 0.18776595744680852 0.017708333333333333 0.03297872340425532
0 0.103125 0.23297872340425532 0.017708333333333333 0.03404255319148936
0 0.103125 0.2845744680851064 0.017708333333333333 0.03297872340425532
0 0.10442708333333334 0.4856382978723404 0.0171875 0.03297872340425532
0 0.10442708333333334 0.6079787234042553 0.0171875 0.03297872340425532
0 0.103125 0.6696808510638298 0.017708333333333333 0.03297872340425532
0 0.10442708333333334 0.5462765957446809 0.0171875 0.03297872340425532
0 0.103125 0.775 0.017708333333333333 0.03297872340425532
0 0.103125 0.8813829787234042 0.017708333333333333 0.03297872340425532
2 0.04635416666666667 0.14095744680851063 0.08645833333333333 0.04148936170212766
2 0.04635416666666667 0.18829787234042553 0.08645833333333333 0.0425531914893617
2 0.04635416666666667 0.2351063829787234 0.08645833333333333 0.0425531914893617
2 0.04635416666666667 0.2872340425531915 0.08645833333333333 0.0425531914893617
5 0.0546875 0.3414893617021277 0.09791666666666667 0.0425531914893617
5 0.04765625 0.3882978723404255 0.08697916666666666 0.0425531914893617
5 0.057291666666666664 0.4329787234042553 0.10625 0.0425531914893617
2 0.04635416666666667 0.5468085106382978 0.08645833333333333 0.0425531914893617
2 0.04635416666666667 0.6090425531914894 0.08645833333333333 0.05425531914893617
5 0.04895833333333333 0.7212765957446808 0.09375 0.0425531914893617
2 0.04635416666666667 0.6691489361702128 0.08645833333333333 0.0425531914893617
2 0.04635416666666667 0.48723404255319147 0.08645833333333333 0.0425531914893617
2 0.04635416666666667 0.7792553191489362 0.08645833333333333 0.05425531914893617
5 0.046614583333333334 0.8319148936170213 0.09114583333333333 0.0425531914893617
2 0.0453125 0.8861702127659574 0.08645833333333333 0.0425531914893617
5 0.0453125 0.9361702127659575 0.08645833333333333 0.0425531914893617
5 0.05 0.9781914893617021 0.09583333333333334 0.04148936170212766
11 0.06458333333333334 0.5297872340425532 0.12916666666666668 0.9382978723404255
0 0.14401041666666667 0.0898936170212766 0.016145833333333335 0.035106382978723406
0 0.98515625 0.08882978723404256 0.0171875 0.03297872340425532
0 0.94453125 0.08882978723404256 0.016145833333333335 0.03723404255319149
0 0.33046875 0.09148936170212765 0.0171875 0.03829787234042553
0 0.17109375 0.08882978723404256 0.0171875 0.03297872340425532
0 0.82265625 0.08670212765957447 0.0171875 0.03297872340425532
0 0.5453125 0.08882978723404256 0.017708333333333333 0.03297872340425532
0 0.9760416666666667 0.1579787234042553 0.017708333333333333 0.03297872340425532
0 0.19895833333333332 0.09095744680851064 0.017708333333333333 0.03297872340425532
0 0.24609375 0.08882978723404256 0.0171875 0.03297872340425532
0 0.7346354166666667 0.09095744680851064 0.0171875 0.03297872340425532
0 0.37838541666666664 0.09148936170212765 0.016145833333333335 0.03829787234042553
0 0.2682291666666667 0.18617021276595744 0.010416666666666666 0.023404255319148935
0 0.6942708333333333 0.2398936170212766 0.0125 0.03297872340425532
0 0.4276041666666667 0.08882978723404256 0.017708333333333333 0.03723404255319149
0 0.6296875 0.08882978723404256 0.017708333333333333 0.03723404255319149
0 0.15729166666666666 0.16702127659574467 0.03125 0.06170212765957447
4 0.20885416666666667 0.09148936170212765 0.04375 0.05106382978723404
4 0.2752604166666667 0.09042553191489362 0.0796875 0.04893617021276596
4 0.34088541666666666 0.09042553191489362 0.0453125 0.04893617021276596
4 0.38958333333333334 0.09042553191489362 0.04479166666666667 0.04893617021276596
4 0.47213541666666664 0.09042553191489362 0.11302083333333333 0.04893617021276596
4 0.5736979166666667 0.09042553191489362 0.08072916666666667 0.04893617021276596
4 0.6690104166666667 0.09042553191489362 0.10260416666666666 0.04893617021276596
4 0.76640625 0.08936170212765958 0.08802083333333334 0.04680851063829787
4 0.9552083333333333 0.09042553191489362 0.04479166666666667 0.04893617021276596
13 0.5651041666666666 0.09042553191489362 0.8697916666666666 0.059574468085106386
1 0.78046875 0.1702127659574468 0.0578125 0.06382978723404255
1 0.8515625 0.17180851063829788 0.06354166666666666 0.06063829787234042
1 0.9338541666666667 0.17180851063829788 0.053125 0.06063829787234042
1 0.21041666666666667 0.15425531914893617 0.06354166666666666 0.04042553191489362
1 0.2630208333333333 0.15159574468085107 0.041666666666666664 0.039361702127659576
1 0.2203125 0.18936170212765957 0.08541666666666667 0.029787234042553193
6 0.16536458333333334 0.24202127659574468 0.05677083333333333 0.052127659574468084
6 0.26067708333333334 0.24202127659574468 0.12239583333333333 0.052127659574468084
6 0.3536458333333333 0.24202127659574468 0.05625 0.052127659574468084
6 0.4640625 0.24202127659574468 0.15729166666666666 0.052127659574468084
6 0.5942708333333333 0.24202127659574468 0.09479166666666666 0.052127659574468084
6 0.6684895833333333 0.24202127659574468 0.0390625 0.052127659574468084
14 0.5645833333333333 0.2425531914893617 0.8708333333333333 0.06595744680851064
0 0.8627604166666667 0.4101063829787234 0.0171875 0.03723404255319149
0 0.5846354166666666 0.9867021276595744 0.0171875 0.026595744680851064
0 0.88359375 0.95 0.0171875 0.03829787234042553
0 0.15729166666666666 0.5111702127659574 0.0125 0.03297872340425532
0 0.15729166666666666 0.5771276595744681 0.0125 0.03297872340425532
0 0.15625 0.8324468085106383 0.0125 0.03297872340425532
0 0.15729166666666666 0.9164893617021277 0.0125 0.03297872340425532
0 0.88984375 0.8803191489361702 0.016145833333333335 0.035106382978723406
0 0.9427083333333334 0.8803191489361702 0.0125 0.035106382978723406
0 0.87109375 0.8803191489361702 0.0171875 0.035106382978723406
0 0.953125 0.4154255319148936 0.0125 0.035106382978723406
0 0.9541666666666667 0.948404255319149 0.0125 0.035106382978723406
0 0.6661458333333333 0.5218085106382979 0.009375 0.030851063829787233
0 0.7317708333333334 0.5196808510638298 0.009375 0.030851063829787233
0 0.821875 0.5196808510638298 0.009375 0.030851063829787233
0 0.8981770833333333 0.5196808510638298 0.008854166666666666 0.030851063829787233
0 0.6557291666666667 0.5218085106382979 0.009375 0.030851063829787233
0 0.9067708333333333 0.948936170212766 0.014583333333333334 0.04042553191489362
0 0.5927083333333333 0.5207446808510638 0.021875 0.04148936170212766
0 0.9309895833333334 0.9462765957446808 0.015104166666666667 0.039361702127659576
9 0.19557291666666668 0.3170212765957447 0.0984375 0.04042553191489362
1 0.19375 0.38138297872340426 0.06666666666666667 0.03723404255319149
1 0.19609375 0.45 0.07135416666666666 0.03829787234042553
1 0.19322916666666667 0.5111702127659574 0.065625 0.03723404255319149
1 0.19270833333333334 0.5771276595744681 0.06458333333333334 0.03723404255319149
1 0.18098958333333334 0.6457446808510638 0.04114583333333333 0.03829787234042553
1 0.18854166666666666 0.7095744680851064 0.05625 0.03829787234042553
1 0.19322916666666667 0.7755319148936171 0.065625 0.03829787234042553
1 0.1984375 0.8489361702127659 0.07604166666666666 0.06595744680851064
1 0.19895833333333332 0.9191489361702128 0.07708333333333334 0.03829787234042553
1 0.19322916666666667 0.9829787234042553 0.065625 0.03829787234042553
1 0.29583333333333334 0.3861702127659574 0.052083333333333336 0.03829787234042553
1 0.28151041666666665 0.45478723404255317 0.0234375 0.03723404255319149
1 0.2838541666666667 0.5186170212765957 0.028125 0.03723404255319149
1 0.29635416666666664 0.5771276595744681 0.053125 0.03723404255319149
1 0.30390625 0.6457446808510638 0.06822916666666666 0.03829787234042553
1 0.33932291666666664 0.7164893617021276 0.10364583333333334 0.03723404255319149
1 0.28151041666666665 0.7776595744680851 0.0234375 0.03829787234042553
1 0.2796875 0.8579787234042553 0.021875 0.03723404255319149
1 0.28151041666666665 0.923936170212766 0.0234375 0.03723404255319149
1 0.28098958333333335 0.9877659574468085 0.024479166666666666 0.02446808510638298
3 0.346875 0.3851063829787234 0.41458333333333336 0.059574468085106386
3 0.346875 0.4478723404255319 0.41458333333333336 0.06595744680851064
3 0.346875 0.5111702127659574 0.41458333333333336 0.06063829787234042
3 0.346875 0.573404255319149 0.41458333333333336 0.06382978723404255
3 0.346875 0.6409574468085106 0.41458333333333336 0.07127659574468086
3 0.346875 0.7106382978723405 0.41458333333333336 0.06808510638297872
3 0.346875 0.773936170212766 0.41458333333333336 0.05851063829787234
3 0.346875 0.8457446808510638 0.41458333333333336 0.0851063829787234
3 0.346875 0.9202127659574468 0.41458333333333336 0.06382978723404255
3 0.346875 0.976063829787234 0.41458333333333336 0.047872340425531915
8 0.9088541666666666 0.47127659574468084 0.11666666666666667 0.04680851063829787
4 0.8934895833333333 0.40904255319148936 0.0859375 0.05425531914893617
1 0.6231770833333333 0.3351063829787234 0.07864583333333333 0.04468085106382979
1 0.7450520833333333 0.33670212765957447 0.0703125 0.04148936170212766
9 0.59453125 0.4095744680851064 0.0484375 0.0425531914893617
7 0.6416666666666667 0.5186170212765957 0.06458333333333334 0.052127659574468084
7 0.7169270833333333 0.5186170212765957 0.04635416666666667 0.052127659574468084
7 0.7934895833333333 0.5186170212765957 0.0703125 0.052127659574468084
7 0.8729166666666667 0.5186170212765957 0.06458333333333334 0.052127659574468084
7 0.9364583333333333 0.5186170212765957 0.03229166666666667 0.052127659574468084
1 0.6411458333333333 0.5781914893617022 0.06354166666666666 0.035106382978723406
1 0.6411458333333333 0.6324468085106383 0.06354166666666666 0.035106382978723406
1 0.6411458333333333 0.6893617021276596 0.06354166666666666 0.036170212765957444
1 0.6411458333333333 0.7462765957446809 0.06354166666666666 0.035106382978723406
1 0.6411458333333333 0.800531914893617 0.06354166666666666 0.035106382978723406
1 0.61171875 0.8813829787234042 0.050520833333333334 0.03723404255319149
1 0.9184895833333333 0.8803191489361702 0.0359375 0.039361702127659576
9 0.5908854166666667 0.9473404255319149 0.04635416666666667 0.03297872340425532
8 0.7697916666666667 0.9856382978723405 0.3927083333333333 0.02872340425531915
3 0.77109375 0.5771276595744681 0.41302083333333334 0.05638297872340425
3 0.77109375 0.6335106382978724 0.41302083333333334 0.05638297872340425
3 0.77109375 0.6925531914893617 0.41302083333333334 0.06170212765957447
3 0.77109375 0.7484042553191489 0.41302083333333334 0.05
3 0.77109375 0.800531914893617 0.41302083333333334 0.05425531914893617
0 0.2786458333333333 0.7154255319148937 0.017708333333333333 0.039361702127659576
0 0.70234375 0.33563829787234045 0.013020833333333334 0.035106382978723406
1 0.7231770833333333 0.5781914893617022 0.06302083333333333 0.035106382978723406
1 0.7231770833333333 0.6351063829787233 0.06302083333333333 0.036170212765957444
1 0.7231770833333333 0.6920212765957446 0.06302083333333333 0.035106382978723406
1 0.7231770833333333 0.7484042553191489 0.06302083333333333 0.035106382978723406
1 0.7231770833333333 0.8026595744680851 0.06302083333333333 0.035106382978723406
3 0.77109375 0.3382978723404255 0.41302083333333334 0.06382978723404255
12 0.5651041666666666 0.5601063829787234 0.8697916666666666 0.8797872340425532
