0 0.01484375 0.03031914893617021 0.016145833333333335 0.03297872340425532
0 0.88984375 0.03031914893617021 0.016145833333333335 0.03723404255319149
0 0.8583333333333333 0.032446808510638296 0.017708333333333333 0.03297872340425532
0 0.92109375 0.032446808510638296 0.018229166666666668 0.03297872340425532
0 0.9841145833333333 0.032446808510638296 0.024479166666666666 0.052127659574468084
0 0.9518229166666666 0.032446808510638296 0.0171875 0.03297872340425532
0 0.29244791666666664 0.032446808510638296 0.0171875 0.03297872340425532
1 0.06901041666666667 0.034574468085106384 0.06927083333333334 0.03297872340425532
1 0.13307291666666668 0.03351063829787234 0.024479166666666666 0.030851063829787233
8 0.43255208333333334 0.032446808510638296 0.3026041666666667 0.04148936170212766
10 0.49921875 0.03031914893617021 0.9984375 0.06063829787234042
0 0.014322916666666666 0.0898936170212766 0.015104166666666667 0.035106382978723406
0 0.013541666666666667 0.14095744680851063 0.013541666666666667 0.03297872340425532
0 0.014322916666666666 0.18936170212765957 0.015104166666666667 0.036170212765957444
0 0.013020833333333334 0.23563829787234042 0.0125 0.03297872340425532
0 0.013020833333333334 0.5808510638297872 0.014583333333333334 0.04042553191489362
0 0.11458333333333333 0.18563829787234043 0.017708333333333333 0.03297872340425532
0 0.11458333333333333 0.23563829787234042 0.017708333333333333 0.03297872340425532
0 0.11458333333333333 0.2845744680851064 0.017708333333333333 0.03297872340425532
0 0.11458333333333333 0.34414893617021275 0.017708333333333333 0.03297872340425532
0 0.11458333333333333 0.4047872340425532 0.017708333333333333 0.03297872340425532
0 0.11458333333333333 0.4643617021276596 0.017708333333333333 0.03297872340425532
0 0.11458333333333333 0.6292553191489362 0.017708333333333333 0.03297872340425532
0 0.11588541666666667 0.6930851063829787 0.0171875 0.03297872340425532
0 0.11588541666666667 0.525 0.0171875 0.03297872340425532
2 0.05234375 0.14095744680851063 0.0984375 0.04148936170212766
2 0.05234375 0.18829787234042553 0.0984375 0.0425531914893617
2 0.05234375 0.2351063829787234 0.0984375 0.0425531914893617
2 0.05234375 0.28936170212765955 0.0984375 0.0425531914893617
5 0.05182291666666667 0.5797872340425532 0.10364583333333334 0.0425531914893617
2 0.05234375 0.34574468085106386 0.0984375 0.0425531914893617
2 0.05234375 0.4074468085106383 0.0984375 0.0425531914893617
2 0.05234375 0.4664893617021277 0.0984375 0.04148936170212766
2 0.05234375 0.5276595744680851 0.0984375 0.0425531914893617
2 0.05234375 0.6340425531914894 0.0984375 0.0425531914893617
2 0.05234375 0.6904255319148936 0.0984375 0.0425531914893617
11 0.06458333333333334 0.5297872340425532 0.12916666666666668 0.9382978723404255
0 0.22630208333333332 0.08882978723404256 0.016145833333333335 0.03723404255319149
0 0.14401041666666667 0.0898936170212766 0.016145833333333335 0.035106382978723406
0 0.27447916666666666 0.08882978723404256 0.01875 0.03297872340425532
0 0.98515625 0.08882978723404256 0.0171875 0.03297872340425532
0 0.94453125 0.08882978723404256 0.016145833333333335 0.03723404255319149
0 0.14296875 0.14095744680851063 0.016145833333333335 0.03723404255319149
0 0.33307291666666666 0.08882978723404256 0.0171875 0.03723404255319149
0 0.39140625 0.08882978723404256 0.016145833333333335 0.03723404255319149
0 0.47942708333333334 0.08882978723404256 0.0171875 0.03297872340425532
0 0.19765625 0.08882978723404256 0.0171875 0.03297872340425532
0 0.17057291666666666 0.09148936170212765 0.018229166666666668 0.0425531914893617
0 0.5338541666666666 0.5079787234042553 0.017708333333333333 0.035106382978723406
1 0.24270833333333333 0.1398936170212766 0.18125 0.030851063829787233
1 0.7486979166666666 0.21648936170212765 0.028645833333333332 0.047872340425531915
1 0.7963541666666667 0.21436170212765956 0.04375 0.052127659574468084
1 0.8546875 0.21170212765957447 0.05416666666666667 0.05106382978723404
1 0.9408854166666667 0.2127659574468085 0.05572916666666667 0.059574468085106386
1 0.19947916666666668 0.43457446808510636 0.07395833333333333 0.030851063829787233
1 0.20520833333333333 0.5079787234042553 0.0875 0.035106382978723406
1 0.1953125 0.5712765957446808 0.065625 0.02553191489361702
1 0.2799479166666667 0.43351063829787234 0.0171875 0.018085106382978722
1 0.2799479166666667 0.575 0.0171875 0.018085106382978722
1 0.28098958333333335 0.5090425531914894 0.0171875 0.018085106382978722
1 0.6177083333333333 0.4324468085106383 0.09479166666666666 0.035106382978723406
1 0.71640625 0.43138297872340425 0.0171875 0.02872340425531915
6 0.19140625 0.2851063829787234 0.09947916666666666 0.0425531914893617
6 0.296875 0.2851063829787234 0.09583333333333334 0.0425531914893617
6 0.37083333333333335 0.2851063829787234 0.042708333333333334 0.0425531914893617
6 0.4622395833333333 0.2851063829787234 0.1234375 0.0425531914893617
9 0.18958333333333333 0.35904255319148937 0.084375 0.035106382978723406
14 0.56484375 0.28617021276595744 0.8692708333333333 0.059574468085106386
4 0.23828125 0.09148936170212765 0.0453125 0.05106382978723404
4 0.290625 0.0898936170212766 0.05520833333333333 0.05425531914893617
4 0.3489583333333333 0.09308510638297872 0.05416666666666667 0.05425531914893617
4 0.42526041666666664 0.09042553191489362 0.0890625 0.04893617021276596
4 0.9557291666666666 0.09148936170212765 0.04375 0.05106382978723404
13 0.5651041666666666 0.09042553191489362 0.8697916666666666 0.059574468085106386
0 0.15729166666666666 0.21170212765957447 0.03125 0.07021276595744681
1 0.19739583333333333 0.21382978723404256 0.041666666666666664 0.06170212765957447
12 0.56484375 0.5595744680851064 0.8692708333333333 0.874468085106383
3 0.5591145833333333 0.4308510638297872 0.8369791666666667 0.07021276595744681
3 0.5591145833333333 0.5053191489361702 0.8369791666666667 0.07872340425531915
3 0.5591145833333333 0.573936170212766 0.8369791666666667 0.05851063829787234
