0 0.01484375 0.03031914893617021 0.016145833333333335 0.03297872340425532
0 0.88984375 0.03031914893617021 0.016145833333333335 0.03723404255319149
0 0.8583333333333333 0.032446808510638296 0.017708333333333333 0.03297872340425532
0 0.92109375 0.032446808510638296 0.018229166666666668 0.03297872340425532
0 0.9841145833333333 0.032446808510638296 0.024479166666666666 0.052127659574468084
0 0.9518229166666666 0.032446808510638296 0.0171875 0.03297872340425532
0 0.29244791666666664 0.032446808510638296 0.0171875 0.03297872340425532
1 0.06901041666666667 0.034574468085106384 0.06927083333333334 0.03297872340425532
1 0.13307291666666668 0.03351063829787234 0.024479166666666666 0.030851063829787233
8 0.43255208333333334 0.032446808510638296 0.3026041666666667 0.04148936170212766
10 0.49921875 0.03031914893617021 0.9984375 0.06063829787234042
0 0.014322916666666666 0.0898936170212766 0.015104166666666667 0.035106382978723406
0 0.013541666666666667 0.14095744680851063 0.013541666666666667 0.03297872340425532
0 0.014322916666666666 0.18936170212765957 0.015104166666666667 0.036170212765957444
0 0.013020833333333334 0.23563829787234042 0.0125 0.03297872340425532
0 0.013020833333333334 0.34095744680851064 0.0125 0.03297872340425532
0 0.0140625 0.38670212765957446 0.0125 0.03297872340425532
0 0.013020833333333334 0.43138297872340425 0.0125 0.03297872340425532
0 0.013020833333333334 0.9063829787234042 0.014583333333333334 0.04042553191489362
0 0.013020833333333334 0.8026595744680851 0.014583333333333334 0.039361702127659576
0 0.013020833333333334 0.7085106382978723 0.014583333333333334 0.04042553191489362
0 0.014322916666666666 0.6611702127659574 0.015104166666666667 0.039361702127659576
0 0.014322916666666666 0.7531914893617021 0.015104166666666667 0.04042553191489362
0 0.103125 0.18776595744680852 0.017708333333333333 0.03297872340425532
0 0.103125 0.23297872340425532 0.017708333333333333 0.03404255319148936
0 0.103125 0.2867021276595745 0.017708333333333333 0.03297872340425532
0 0.103125 0.4877659574468085 0.017708333333333333 0.03297872340425532
0 0.10442708333333334 0.6079787234042553 0.0171875 0.03297872340425532
0 0.103125 0.5441489361702128 0.017708333333333333 0.03297872340425532
0 0.103125 0.8579787234042553 0.017708333333333333 0.03297872340425532
0 0.10442708333333334 0.9622340425531914 0.0171875 0.03297872340425532
2 0.04635416666666667 0.14095744680851063 0.08645833333333333 0.04148936170212766
2 0.04635416666666667 0.18829787234042553 0.08645833333333333 0.0425531914893617
2 0.04635416666666667 0.2351063829787234 0.08645833333333333 0.0425531914893617
2 0.04635416666666667 0.2872340425531915 0.08645833333333333 0.0425531914893617
5 0.0546875 0.3414893617021277 0.09791666666666667 0.0425531914893617
5 0.04765625 0.3882978723404255 0.08697916666666666 0.0425531914893617
5 0.057291666666666664 0.4329787234042553 0.10625 0.0425531914893617
2 0.04635416666666667 0.5468085106382978 0.08645833333333333 0.0425531914893617
2 0.04635416666666667 0.48723404255319147 0.08645833333333333 0.0425531914893617
2 0.04635416666666667 0.6090425531914894 0.08645833333333333 0.05425531914893617
5 0.05520833333333333 0.6622340425531915 0.10416666666666667 0.04148936170212766
5 0.04869791666666667 0.7042553191489361 0.09114583333333333 0.0425531914893617
2 0.0453125 0.8553191489361702 0.08645833333333333 0.0425531914893617
5 0.04635416666666667 0.9074468085106383 0.08645833333333333 0.0425531914893617
5 0.051041666666666666 0.7542553191489362 0.09583333333333334 0.0425531914893617
5 0.04869791666666667 0.801063829787234 0.09114583333333333 0.0425531914893617
2 0.04635416666666667 0.9632978723404255 0.08645833333333333 0.05425531914893617
11 0.06458333333333334 0.5297872340425532 0.12916666666666668 0.9382978723404255
0 0.14401041666666667 0.0898936170212766 0.016145833333333335 0.035106382978723406
0 0.24557291666666667 0.09095744680851064 0.018229166666666668 0.03297872340425532
0 0.98515625 0.08882978723404256 0.0171875 0.03297872340425532
0 0.2786458333333333 0.6388297872340426 0.014583333333333334 0.02872340425531915
0 0.2786458333333333 0.8558510638297873 0.017708333333333333 0.03297872340425532
0 0.9565104166666667 0.8968085106382979 0.0171875 0.036170212765957444
0 0.9565104166666667 0.9696808510638298 0.0171875 0.035106382978723406
0 0.94453125 0.08882978723404256 0.016145833333333335 0.03723404255319149
0 0.14296875 0.14095744680851063 0.016145833333333335 0.03723404255319149
0 0.30520833333333336 0.09148936170212765 0.017708333333333333 0.03829787234042553
0 0.36484375 0.08882978723404256 0.016145833333333335 0.03723404255319149
0 0.4518229166666667 0.08882978723404256 0.0171875 0.03297872340425532
0 0.19765625 0.08882978723404256 0.0171875 0.03297872340425532
0 0.17057291666666666 0.09148936170212765 0.018229166666666668 0.0425531914893617
0 0.15729166666666666 0.21170212765957447 0.03125 0.07021276595744681
1 0.24270833333333333 0.1398936170212766 0.18125 0.030851063829787233
1 0.19947916666666668 0.2127659574468085 0.04375 0.06808510638297872
1 0.7705729166666667 0.21436170212765956 0.04739583333333333 0.052127659574468084
1 0.83125 0.21436170212765956 0.05520833333333333 0.052127659574468084
1 0.9119791666666667 0.2127659574468085 0.05520833333333333 0.059574468085106386
1 0.7231770833333333 0.21382978723404256 0.028645833333333332 0.04680851063829787
6 0.19140625 0.2851063829787234 0.09947916666666666 0.0425531914893617
6 0.296875 0.2851063829787234 0.09583333333333334 0.0425531914893617
6 0.37083333333333335 0.2851063829787234 0.042708333333333334 0.0425531914893617
6 0.4622395833333333 0.2851063829787234 0.1234375 0.0425531914893617
14 0.56484375 0.28617021276595744 0.8692708333333333 0.059574468085106386
4 0.20885416666666667 0.09148936170212765 0.04375 0.05106382978723404
4 0.26197916666666665 0.09148936170212765 0.05520833333333333 0.05106382978723404
4 0.32135416666666666 0.09042553191489362 0.05416666666666667 0.04893617021276596
4 0.39817708333333335 0.09042553191489362 0.08802083333333334 0.04893617021276596
4 0.9552083333333333 0.09042553191489362 0.04479166666666667 0.04893617021276596
13 0.5645833333333333 0.08882978723404256 0.8708333333333333 0.05638297872340425
9 0.196875 0.3606382978723404 0.09583333333333334 0.0425531914893617
9 0.6192708333333333 0.3579787234042553 0.09583333333333334 0.04148936170212766
1 0.18619791666666666 0.43829787234042555 0.0515625 0.03829787234042553
1 0.1921875 0.5015957446808511 0.06354166666666666 0.03723404255319149
1 0.18515625 0.5702127659574469 0.049479166666666664 0.03829787234042553
1 0.1828125 0.6388297872340426 0.04479166666666667 0.03723404255319149
1 0.18619791666666666 0.7095744680851064 0.0515625 0.03829787234042553
1 0.19895833333333332 0.7845744680851063 0.07708333333333334 0.03723404255319149
1 0.18411458333333333 0.851063829787234 0.04739583333333333 0.03829787234042553
1 0.17890625 0.9170212765957447 0.03697916666666667 0.03829787234042553
1 0.18515625 0.9829787234042553 0.049479166666666664 0.03829787234042553
1 0.30104166666666665 0.4430851063829787 0.06666666666666667 0.03723404255319149
1 0.2791666666666667 0.5090425531914894 0.022916666666666665 0.03723404255319149
1 0.30182291666666666 0.5771276595744681 0.06822916666666666 0.03723404255319149
1 0.30078125 0.6420212765957447 0.0265625 0.035106382978723406
1 0.3255208333333333 0.7117021276595744 0.07604166666666666 0.03829787234042553
1 0.2791666666666667 0.7893617021276595 0.022916666666666665 0.03829787234042553
1 0.3190104166666667 0.8590425531914894 0.06302083333333333 0.039361702127659576
1 0.29609375 0.923936170212766 0.0171875 0.03723404255319149
1 0.2791666666666667 0.9877659574468085 0.022916666666666665 0.03723404255319149
1 0.6078125 0.43829787234042555 0.052083333333333336 0.03829787234042553
1 0.6234375 0.5042553191489362 0.08333333333333333 0.03829787234042553
1 0.625 0.5680851063829787 0.08645833333333333 0.03829787234042553
1 0.634375 0.6340425531914894 0.10520833333333333 0.03829787234042553
1 0.6182291666666667 0.6973404255319149 0.07291666666666667 0.03723404255319149
1 0.6239583333333333 0.7686170212765957 0.084375 0.03723404255319149
1 0.6203125 0.8297872340425532 0.07708333333333334 0.03829787234042553
1 0.6122395833333333 0.9026595744680851 0.0609375 0.03723404255319149
1 0.6153645833333333 0.9712765957446808 0.0671875 0.03829787234042553
1 0.75546875 0.44042553191489364 0.12552083333333333 0.03829787234042553
1 0.7192708333333333 0.5090425531914894 0.053125 0.03723404255319149
1 0.7104166666666667 0.575 0.035416666666666666 0.03723404255319149
1 0.7307291666666667 0.6361702127659574 0.07604166666666666 0.03829787234042553
1 0.7278645833333334 0.7047872340425532 0.0703125 0.03723404255319149
1 0.7278645833333334 0.7707446808510638 0.0703125 0.03723404255319149
1 0.7151041666666667 0.8367021276595744 0.04479166666666667 0.03723404255319149
1 0.7208333333333333 0.9005319148936171 0.05625 0.03723404255319149
1 0.7052083333333333 0.973404255319149 0.022916666666666665 0.03829787234042553
3 0.34739583333333335 0.4324468085106383 0.41354166666666664 0.07340425531914893
3 0.34739583333333335 0.5053191489361702 0.41354166666666664 0.07234042553191489
3 0.34739583333333335 0.5723404255319149 0.41354166666666664 0.06170212765957447
3 0.34739583333333335 0.6361702127659574 0.41354166666666664 0.06595744680851064
3 0.34739583333333335 0.7058510638297872 0.41354166666666664 0.07340425531914893
3 0.34739583333333335 0.7792553191489362 0.41354166666666664 0.07340425531914893
3 0.34739583333333335 0.8521276595744681 0.41354166666666664 0.07234042553191489
3 0.34739583333333335 0.9202127659574468 0.41354166666666664 0.06382978723404255
3 0.34739583333333335 0.976063829787234 0.41354166666666664 0.047872340425531915
3 0.771875 0.4324468085106383 0.41458333333333336 0.07340425531914893
3 0.771875 0.49946808510638296 0.41458333333333336 0.06063829787234042
3 0.771875 0.5627659574468085 0.41458333333333336 0.06595744680851064
3 0.771875 0.6287234042553191 0.41458333333333336 0.06595744680851064
3 0.771875 0.6952127659574469 0.41458333333333336 0.06702127659574468
3 0.771875 0.7617021276595745 0.41458333333333336 0.06595744680851064
3 0.771875 0.8308510638297872 0.41458333333333336 0.07234042553191489
3 0.771875 0.9 0.41458333333333336 0.06595744680851064
3 0.771875 0.9659574468085106 0.41458333333333336 0.06595744680851064
0 0.2786458333333333 0.9218085106382978 0.017708333333333333 0.03297872340425532
0 0.2786458333333333 0.7095744680851064 0.014583333333333334 0.027659574468085105
12 0.5645833333333333 0.5606382978723404 0.8708333333333333 0.8787234042553191
