0 0.014721345951629864 0.03036876355748373 0.015772870662460567 0.03253796095444685
0 0.8898527865404837 0.02982646420824295 0.01629863301787592 0.03796095444685466
0 0.8583070452155626 0.03253796095444685 0.017350157728706624 0.03253796095444685
0 0.9213985278654049 0.03253796095444685 0.01840168243953733 0.03253796095444685
0 0.9842271293375394 0.03253796095444685 0.024185068349106203 0.052060737527114966
0 0.9518927444794952 0.03253796095444685 0.017350157728706624 0.03253796095444685
0 0.29258675078864355 0.03253796095444685 0.017350157728706624 0.03253796095444685
1 0.06887486855941115 0.03470715835140998 0.0694006309148265 0.03253796095444685
1 0.13301787592008413 0.033622559652928416 0.024185068349106203 0.03036876355748373
8 0.4327024185068349 0.03253796095444685 0.3028391167192429 0.04338394793926247
10 0.499211356466877 0.03036876355748373 0.998422712933754 0.06073752711496746
0 0.014195583596214511 0.09056399132321041 0.014721345951629864 0.03579175704989154
0 0.013669821240799159 0.14587852494577006 0.013669821240799159 0.033622559652928416
0 0.014195583596214511 0.19414316702819956 0.014721345951629864 0.03470715835140998
0 0.013144058885383806 0.24023861171366595 0.012618296529968454 0.033622559652928416
0 0.01288117770767613 0.8053145336225597 0.015247108307045216 0.03579175704989154
0 0.01288117770767613 0.7586767895878525 0.015247108307045216 0.03579175704989154
0 0.014195583596214511 0.5938177874186551 0.014721345951629864 0.04013015184381779
0 0.11593059936908517 0.19522776572668113 0.017350157728706624 0.03253796095444685
0 0.11593059936908517 0.24023861171366595 0.017350157728706624 0.033622559652928416
0 0.11593059936908517 0.2917570498915401 0.017350157728706624 0.03253796095444685
0 0.11593059936908517 0.3541214750542299 0.017350157728706624 0.033622559652928416
0 0.11593059936908517 0.4137744034707158 0.017350157728706624 0.033622559652928416
0 0.11698212407991587 0.5352494577006508 0.017350157728706624 0.033622559652928416
0 0.11487907465825446 0.7039045553145337 0.017350157728706624 0.03253796095444685
0 0.11698212407991587 0.4750542299349241 0.017350157728706624 0.03253796095444685
0 0.11593059936908517 0.6447939262472885 0.017350157728706624 0.033622559652928416
2 0.05231335436382755 0.14099783080260303 0.09831756046267087 0.04338394793926247
2 0.05231335436382755 0.18817787418655096 0.09831756046267087 0.04229934924078091
2 0.05231335436382755 0.23535791757049893 0.09831756046267087 0.04338394793926247
2 0.05231335436382755 0.29663774403470716 0.09831756046267087 0.04229934924078091
2 0.05231335436382755 0.3530368763557484 0.09831756046267087 0.04229934924078091
2 0.05231335436382755 0.4148590021691974 0.09831756046267087 0.04229934924078091
2 0.05231335436382755 0.47559652928416485 0.09831756046267087 0.04229934924078091
2 0.05231335436382755 0.539587852494577 0.09831756046267087 0.04229934924078091
2 0.05231335436382755 0.64587852494577 0.09831756046267087 0.04229934924078091
2 0.05231335436382755 0.7071583514099783 0.09831756046267087 0.04338394793926247
5 0.04758149316508938 0.7619305856832972 0.08675078864353312 0.04229934924078091
5 0.05231335436382755 0.8042299349240781 0.09621451104100946 0.04229934924078091
5 0.05231335436382755 0.5949023861171366 0.09621451104100946 0.04229934924078091
11 0.06440588853838065 0.529826464208243 0.1288117770767613 0.938177874186551
0 0.2392218717139853 0.23318872017353579 0.010515247108307046 0.02386117136659436
0 0.15851735015772872 0.21475054229934923 0.031019978969505785 0.06073752711496746
4 0.2455310199789695 0.0911062906724512 0.05993690851735016 0.052060737527114966
4 0.40799158780231337 0.09002169197396963 0.07991587802313355 0.049891540130151846
4 0.33543638275499477 0.09002169197396963 0.058885383806519455 0.049891540130151846
4 0.4802839116719243 0.09002169197396963 0.05310199789695058 0.049891540130151846
4 0.5557308096740273 0.09002169197396963 0.08937960042060988 0.049891540130151846
4 0.955310199789695 0.09002169197396963 0.0452155625657203 0.049891540130151846
13 0.5651945320715037 0.09273318872017354 0.8696109358569927 0.0596529284164859
1 0.24631966351209253 0.14099783080260303 0.19085173501577288 0.03253796095444685
1 0.21109358569926392 0.20119305856832972 0.06677181913774974 0.04013015184381779
1 0.3017875920084122 0.2044468546637744 0.035751840168243953 0.04013015184381779
1 0.19085173501577288 0.23698481561822127 0.028391167192429023 0.031453362255965296
6 0.16771819137749738 0.2874186550976139 0.056782334384858045 0.052060737527114966
6 0.22266035751840169 0.2874186550976139 0.04153522607781283 0.052060737527114966
6 0.28496319663512093 0.2874186550976139 0.07886435331230283 0.052060737527114966
14 0.5644058885383807 0.28796095444685466 0.8711882229232387 0.06616052060737528
0 0.1440588853838065 0.09056399132321041 0.015772870662460567 0.03579175704989154
0 0.20005257623554154 0.09164859002169197 0.017350157728706624 0.033622559652928416
0 0.1706098843322818 0.09164859002169197 0.01840168243953733 0.04229934924078091
0 0.9855415352260778 0.08893709327548807 0.017350157728706624 0.03253796095444685
0 0.14274447949526814 0.14099783080260303 0.01629863301787592 0.0368763557483731
0 0.9442691903259727 0.08947939262472886 0.015772870662460567 0.03796095444685466
0 0.3183491062039958 0.09164859002169197 0.01840168243953733 0.033622559652928416
0 0.5228706624605678 0.09164859002169197 0.01840168243953733 0.03796095444685466
0 0.6101472134595163 0.09164859002169197 0.017350157728706624 0.033622559652928416
0 0.29153522607781285 0.0938177874186551 0.017350157728706624 0.033622559652928416
0 0.37907465825446895 0.0938177874186551 0.016824395373291272 0.033622559652928416
0 0.2279179810725552 0.09164859002169197 0.017350157728706624 0.033622559652928416
0 0.46503680336487907 0.0938177874186551 0.01629863301787592 0.03796095444685466
1 0.2202944269190326 0.23698481561822127 0.030494216614090432 0.031453362255965296
9 0.2368559411146162 0.3660520607375271 0.1719242902208202 0.03796095444685466
9 0.7744479495268138 0.3660520607375271 0.12723449001051526 0.03796095444685466
1 0.1937434279705573 0.44739696312364424 0.06256572029442692 0.03796095444685466
1 0.30047318611987384 0.4517353579175705 0.054153522607781286 0.03796095444685466
1 0.7452681388012619 0.44739696312364424 0.04258675078864353 0.03796095444685466
1 0.8669821240799159 0.4517353579175705 0.03680336487907466 0.03796095444685466
0 0.842534174553102 0.4506507592190889 0.01629863301787592 0.04013015184381779
3 0.41719242902208203 0.44739696312364424 0.5504731861198738 0.06182212581344902
3 0.8409568874868559 0.4490238611713666 0.27602523659305994 0.07158351409978309
12 0.5651945320715037 0.561822125813449 0.8696109358569927 0.8763557483731019
