0 0.01484375 0.03031914893617021 0.016145833333333335 0.03297872340425532
0 0.88984375 0.03031914893617021 0.016145833333333335 0.03723404255319149
0 0.8583333333333333 0.032446808510638296 0.017708333333333333 0.03297872340425532
0 0.92109375 0.032446808510638296 0.018229166666666668 0.03297872340425532
0 0.9841145833333333 0.032446808510638296 0.024479166666666666 0.052127659574468084
0 0.9518229166666666 0.032446808510638296 0.0171875 0.03297872340425532
0 0.29244791666666664 0.032446808510638296 0.0171875 0.03297872340425532
1 0.06901041666666667 0.034574468085106384 0.06927083333333334 0.03297872340425532
1 0.13307291666666668 0.03351063829787234 0.024479166666666666 0.030851063829787233
8 0.43255208333333334 0.032446808510638296 0.3026041666666667 0.04148936170212766
10 0.49921875 0.03031914893617021 0.9984375 0.06063829787234042
0 0.014322916666666666 0.0898936170212766 0.015104166666666667 0.035106382978723406
0 0.013541666666666667 0.14095744680851063 0.013541666666666667 0.03297872340425532
0 0.014322916666666666 0.18936170212765957 0.015104166666666667 0.036170212765957444
0 0.013020833333333334 0.23563829787234042 0.0125 0.03297872340425532
0 0.013020833333333334 0.34095744680851064 0.0125 0.03297872340425532
0 0.0140625 0.38670212765957446 0.0125 0.03297872340425532
0 0.013020833333333334 0.43138297872340425 0.0125 0.03297872340425532
0 0.013020833333333334 0.9063829787234042 0.014583333333333334 0.04042553191489362
0 0.013020833333333334 0.8026595744680851 0.014583333333333334 0.039361702127659576
0 0.013020833333333334 0.7085106382978723 0.014583333333333334 0.04042553191489362
0 0.014322916666666666 0.6611702127659574 0.015104166666666667 0.039361702127659576
0 0.014322916666666666 0.7531914893617021 0.015104166666666667 0.04042553191489362
0 0.103125 0.18776595744680852 0.017708333333333333 0.03297872340425532
0 0.103125 0.23297872340425532 0.017708333333333333 0.03404255319148936
0 0.103125 0.2867021276595745 0.017708333333333333 0.03297872340425532
0 0.103125 0.4877659574468085 0.017708333333333333 0.03297872340425532
0 0.10442708333333334 0.6079787234042553 0.0171875 0.03297872340425532
0 0.103125 0.5441489361702128 0.017708333333333333 0.03297872340425532
0 0.103125 0.8579787234042553 0.017708333333333333 0.03297872340425532
0 0.10442708333333334 0.9622340425531914 0.0171875 0.03297872340425532
2 0.04635416666666667 0.14095744680851063 0.08645833333333333 0.04148936170212766
2 0.04635416666666667 0.18829787234042553 0.08645833333333333 0.0425531914893617
2 0.04635416666666667 0.2351063829787234 0.08645833333333333 0.0425531914893617
2 0.04635416666666667 0.2872340425531915 0.08645833333333333 0.0425531914893617
5 0.0546875 0.3414893617021277 0.09791666666666667 0.0425531914893617
5 0.04765625 0.3882978723404255 0.08697916666666666 0.0425531914893617
5 0.057291666666666664 0.4329787234042553 0.10625 0.0425531914893617
2 0.04635416666666667 0.5468085106382978 0.08645833333333333 0.0425531914893617
2 0.04635416666666667 0.48723404255319147 0.08645833333333333 0.0425531914893617
2 0.04635416666666667 0.6090425531914894 0.08645833333333333 0.05425531914893617
5 0.05520833333333333 0.6622340425531915 0.10416666666666667 0.04148936170212766
5 0.04869791666666667 0.7042553191489361 0.09114583333333333 0.0425531914893617
2 0.0453125 0.8553191489361702 0.08645833333333333 0.0425531914893617
5 0.04635416666666667 0.9074468085106383 0.08645833333333333 0.0425531914893617
5 0.051041666666666666 0.7542553191489362 0.09583333333333334 0.0425531914893617
5 0.04869791666666667 0.801063829787234 0.09114583333333333 0.0425531914893617
2 0.04635416666666667 0.9632978723404255 0.08645833333333333 0.05425531914893617
11 0.06458333333333334 0.5297872340425532 0.12916666666666668 0.9382978723404255
0 0.14401041666666667 0.0898936170212766 0.016145833333333335 0.035106382978723406
0 0.246875 0.09095744680851064 0.01875 0.03297872340425532
0 0.98515625 0.08882978723404256 0.0171875 0.03297872340425532
0 0.94453125 0.08882978723404256 0.016145833333333335 0.03723404255319149
0 0.14296875 0.14095744680851063 0.016145833333333335 0.03723404255319149
0 0.3065104166666667 0.08882978723404256 0.0171875 0.03723404255319149
0 0.36484375 0.09148936170212765 0.016145833333333335 0.03829787234042553
0 0.45286458333333335 0.08882978723404256 0.0171875 0.03297872340425532
0 0.19895833333333332 0.09095744680851064 0.017708333333333333 0.03297872340425532
0 0.17057291666666666 0.09148936170212765 0.018229166666666668 0.0425531914893617
1 0.24270833333333333 0.1398936170212766 0.18125 0.030851063829787233
1 0.21276041666666667 0.21382978723404256 0.0703125 0.06595744680851064
1 0.77109375 0.21436170212765956 0.0484375 0.052127659574468084
1 0.8309895833333333 0.21436170212765956 0.0578125 0.052127659574468084
1 0.9119791666666667 0.2127659574468085 0.05520833333333333 0.059574468085106386
1 0.7265625 0.21382978723404256 0.029166666666666667 0.04680851063829787
6 0.19140625 0.2851063829787234 0.09947916666666666 0.0425531914893617
6 0.296875 0.2851063829787234 0.09583333333333334 0.0425531914893617
6 0.37083333333333335 0.2851063829787234 0.042708333333333334 0.0425531914893617
6 0.4622395833333333 0.2851063829787234 0.1234375 0.0425531914893617
14 0.56484375 0.28617021276595744 0.8692708333333333 0.059574468085106386
4 0.321875 0.08882978723404256 0.053125 0.052127659574468084
4 0.20911458333333333 0.09148936170212765 0.04739583333333333 0.05106382978723404
4 0.2625 0.09042553191489362 0.05416666666666667 0.04893617021276596
4 0.39817708333333335 0.09042553191489362 0.08802083333333334 0.04893617021276596
4 0.9552083333333333 0.09042553191489362 0.04479166666666667 0.04893617021276596
13 0.56328125 0.08882978723404256 0.8703125 0.05638297872340425
9 0.16432291666666668 0.3659574468085106 0.0359375 0.04042553191489362
9 0.17395833333333333 0.750531914893617 0.05520833333333333 0.039361702127659576
9 0.18098958333333334 0.925531914893617 0.06927083333333334 0.04042553191489362
1 0.7065104166666667 0.33351063829787236 0.025520833333333333 0.030851063829787233
1 0.625 0.39574468085106385 0.08645833333333333 0.03829787234042553
1 0.6325520833333333 0.4675531914893617 0.1015625 0.05851063829787234
1 0.6078125 0.6223404255319149 0.052083333333333336 0.03829787234042553
1 0.6169270833333333 0.6882978723404255 0.0703125 0.03829787234042553
1 0.60546875 0.7563829787234042 0.04739583333333333 0.03829787234042553
1 0.6145833333333334 0.8297872340425532 0.065625 0.03829787234042553
1 0.6153645833333333 0.8978723404255319 0.0671875 0.03829787234042553
1 0.5994791666666667 0.33670212765957447 0.03125 0.03723404255319149
1 0.7041666666666667 0.400531914893617 0.022916666666666665 0.03723404255319149
1 0.7041666666666667 0.46861702127659577 0.022916666666666665 0.03723404255319149
1 0.72890625 0.5537234042553192 0.0359375 0.03723404255319149
1 0.78671875 0.6904255319148936 0.1515625 0.03829787234042553
1 0.7041666666666667 0.6292553191489362 0.022916666666666665 0.03723404255319149
1 0.7341145833333333 0.7611702127659574 0.0484375 0.03723404255319149
1 0.7421875 0.8271276595744681 0.0625 0.03723404255319149
3 0.7703125 0.3393617021276596 0.41458333333333336 0.04680851063829787
3 0.7703125 0.4696808510638298 0.41458333333333336 0.07765957446808511
3 0.7703125 0.5478723404255319 0.41458333333333336 0.07872340425531915
3 0.7703125 0.6202127659574468 0.41458333333333336 0.06595744680851064
3 0.7703125 0.6861702127659575 0.41458333333333336 0.06595744680851064
3 0.7703125 0.7553191489361702 0.41458333333333336 0.07234042553191489
3 0.7703125 0.824468085106383 0.41458333333333336 0.06595744680851064
3 0.7703125 0.8909574468085106 0.41458333333333336 0.06702127659574468
0 0.7033854166666667 0.5537234042553192 0.015104166666666667 0.02872340425531915
0 0.70234375 0.6909574468085107 0.0171875 0.03297872340425532
0 0.70234375 0.7611702127659574 0.0171875 0.03297872340425532
0 0.7033854166666667 0.826063829787234 0.015104166666666667 0.039361702127659576
0 0.7013020833333333 0.8968085106382979 0.015104166666666667 0.04042553191489362
0 0.95546875 0.4675531914893617 0.0171875 0.035106382978723406
3 0.7703125 0.39680851063829786 0.41458333333333336 0.06808510638297872
1 0.61640625 0.551595744680851 0.06927083333333334 0.03723404255319149
1 0.18203125 0.4452127659574468 0.04635416666666667 0.03723404255319149
1 0.18619791666666666 0.5063829787234042 0.0546875 0.03829787234042553
1 0.1953125 0.5819148936170213 0.07291666666666667 0.03829787234042553
1 0.20286458333333332 0.6526595744680851 0.08802083333333334 0.03723404255319149
1 0.3020833333333333 0.4430851063829787 0.03229166666666667 0.03723404255319149
1 0.27682291666666664 0.5175531914893617 0.0234375 0.035106382978723406
1 0.2828125 0.5898936170212766 0.022916666666666665 0.035106382978723406
1 0.28229166666666666 0.6622340425531915 0.021875 0.04148936170212766
1 0.17578125 0.8223404255319149 0.024479166666666666 0.03829787234042553
3 0.3455729166666667 0.4425531914893617 0.4140625 0.06595744680851064
3 0.3455729166666667 0.5085106382978724 0.4140625 0.06595744680851064
3 0.3455729166666667 0.5819148936170213 0.4140625 0.08085106382978724
3 0.3455729166666667 0.6622340425531915 0.4140625 0.0797872340425532
3 0.346875 0.8202127659574469 0.41458333333333336 0.06595744680851064
0 0.15729166666666666 0.21170212765957447 0.03125 0.07021276595744681
1 0.6153645833333333 0.9702127659574468 0.0671875 0.059574468085106386
1 0.7427083333333333 0.9781914893617021 0.065625 0.04148936170212766
3 0.7703125 0.9622340425531914 0.41458333333333336 0.07553191489361702
0 0.2794270833333333 0.44148936170212766 0.016145833333333335 0.04042553191489362
0 0.70234375 0.9771276595744681 0.015104166666666667 0.039361702127659576
1 0.7421875 0.8978723404255319 0.06666666666666667 0.03829787234042553
0 0.95546875 0.3271276595744681 0.0171875 0.02872340425531915
12 0.5645833333333333 0.5585106382978723 0.8708333333333333 0.8829787234042553
