0 0.01484375 0.03031914893617021 0.016145833333333335 0.03297872340425532
0 0.88984375 0.03031914893617021 0.016145833333333335 0.03723404255319149
0 0.8583333333333333 0.032446808510638296 0.017708333333333333 0.03297872340425532
0 0.92109375 0.032446808510638296 0.018229166666666668 0.03297872340425532
0 0.9841145833333333 0.032446808510638296 0.024479166666666666 0.052127659574468084
0 0.9518229166666666 0.032446808510638296 0.0171875 0.03297872340425532
0 0.29244791666666664 0.032446808510638296 0.0171875 0.03297872340425532
1 0.06901041666666667 0.034574468085106384 0.06927083333333334 0.03297872340425532
1 0.13307291666666668 0.03351063829787234 0.024479166666666666 0.030851063829787233
8 0.43255208333333334 0.032446808510638296 0.3026041666666667 0.04148936170212766
10 0.49921875 0.03031914893617021 0.9984375 0.06063829787234042
0 0.014322916666666666 0.0898936170212766 0.015104166666666667 0.035106382978723406
0 0.013541666666666667 0.14095744680851063 0.013541666666666667 0.03297872340425532
0 0.014322916666666666 0.18936170212765957 0.015104166666666667 0.036170212765957444
0 0.013020833333333334 0.23563829787234042 0.0125 0.03297872340425532
0 0.013020833333333334 0.34095744680851064 0.0125 0.03297872340425532
0 0.0140625 0.38670212765957446 0.0125 0.03297872340425532
0 0.013020833333333334 0.43138297872340425 0.0125 0.03297872340425532
0 0.013020833333333334 0.9063829787234042 0.014583333333333334 0.04042553191489362
0 0.013020833333333334 0.8026595744680851 0.014583333333333334 0.039361702127659576
0 0.013020833333333334 0.7085106382978723 0.014583333333333334 0.04042553191489362
0 0.014322916666666666 0.6611702127659574 0.015104166666666667 0.039361702127659576
0 0.014322916666666666 0.7531914893617021 0.015104166666666667 0.04042553191489362
0 0.103125 0.18776595744680852 0.017708333333333333 0.03297872340425532
0 0.103125 0.23297872340425532 0.017708333333333333 0.03404255319148936
0 0.103125 0.2867021276595745 0.017708333333333333 0.03297872340425532
0 0.103125 0.4877659574468085 0.017708333333333333 0.03297872340425532
0 0.10442708333333334 0.6079787234042553 0.0171875 0.03297872340425532
0 0.103125 0.5441489361702128 0.017708333333333333 0.03297872340425532
0 0.103125 0.8579787234042553 0.017708333333333333 0.03297872340425532
0 0.10442708333333334 0.9622340425531914 0.0171875 0.03297872340425532
2 0.04635416666666667 0.14095744680851063 0.08645833333333333 0.04148936170212766
2 0.04635416666666667 0.18829787234042553 0.08645833333333333 0.0425531914893617
2 0.04635416666666667 0.2351063829787234 0.08645833333333333 0.0425531914893617
2 0.04635416666666667 0.2872340425531915 0.08645833333333333 0.0425531914893617
5 0.0546875 0.3414893617021277 0.09791666666666667 0.0425531914893617
5 0.04765625 0.3882978723404255 0.08697916666666666 0.0425531914893617
5 0.057291666666666664 0.4329787234042553 0.10625 0.0425531914893617
2 0.04635416666666667 0.5468085106382978 0.08645833333333333 0.0425531914893617
2 0.04635416666666667 0.48723404255319147 0.08645833333333333 0.0425531914893617
2 0.04635416666666667 0.6090425531914894 0.08645833333333333 0.05425531914893617
5 0.05520833333333333 0.6622340425531915 0.10416666666666667 0.04148936170212766
5 0.04869791666666667 0.7042553191489361 0.09114583333333333 0.0425531914893617
2 0.0453125 0.8553191489361702 0.08645833333333333 0.0425531914893617
5 0.04635416666666667 0.9074468085106383 0.08645833333333333 0.0425531914893617
5 0.051041666666666666 0.7542553191489362 0.09583333333333334 0.0425531914893617
5 0.04869791666666667 0.801063829787234 0.09114583333333333 0.0425531914893617
2 0.04635416666666667 0.9632978723404255 0.08645833333333333 0.05425531914893617
11 0.06458333333333334 0.5297872340425532 0.12916666666666668 0.9382978723404255
0 0.19817708333333334 0.08882978723404256 0.016145833333333335 0.03723404255319149
0 0.14401041666666667 0.0898936170212766 0.016145833333333335 0.035106382978723406
0 0.246875 0.08882978723404256 0.01875 0.03297872340425532
0 0.98515625 0.08882978723404256 0.0171875 0.03297872340425532
0 0.94453125 0.08882978723404256 0.016145833333333335 0.03723404255319149
0 0.14296875 0.14095744680851063 0.016145833333333335 0.03723404255319149
0 0.30520833333333336 0.08670212765957447 0.017708333333333333 0.03723404255319149
0 0.36484375 0.08882978723404256 0.016145833333333335 0.03723404255319149
0 0.17109375 0.08882978723404256 0.0171875 0.03297872340425532
0 0.4518229166666667 0.08670212765957447 0.0171875 0.03297872340425532
0 0.5338541666666666 0.5079787234042553 0.017708333333333333 0.035106382978723406
1 0.24270833333333333 0.1398936170212766 0.18125 0.030851063829787233
1 0.20520833333333333 0.21382978723404256 0.05520833333333333 0.06595744680851064
1 0.7265625 0.21382978723404256 0.029166666666666667 0.04680851063829787
1 0.7700520833333333 0.21436170212765956 0.04635416666666667 0.052127659574468084
1 0.8307291666666666 0.21170212765957447 0.05416666666666667 0.05106382978723404
1 0.9106770833333333 0.2154255319148936 0.0578125 0.05851063829787234
1 0.19947916666666668 0.43457446808510636 0.07395833333333333 0.030851063829787233
1 0.20520833333333333 0.5079787234042553 0.0875 0.035106382978723406
1 0.1953125 0.5712765957446808 0.065625 0.02553191489361702
1 0.2799479166666667 0.43351063829787234 0.0171875 0.018085106382978722
1 0.2799479166666667 0.575 0.0171875 0.018085106382978722
1 0.28098958333333335 0.5090425531914894 0.0171875 0.018085106382978722
1 0.6177083333333333 0.4324468085106383 0.09479166666666666 0.035106382978723406
1 0.71640625 0.43138297872340425 0.0171875 0.02872340425531915
6 0.19140625 0.2851063829787234 0.09947916666666666 0.0425531914893617
6 0.296875 0.2851063829787234 0.09583333333333334 0.0425531914893617
6 0.37083333333333335 0.2851063829787234 0.042708333333333334 0.0425531914893617
6 0.4622395833333333 0.2851063829787234 0.1234375 0.0425531914893617
9 0.18958333333333333 0.35904255319148937 0.084375 0.035106382978723406
14 0.56484375 0.28617021276595744 0.8692708333333333 0.059574468085106386
4 0.20755208333333333 0.09148936170212765 0.044270833333333336 0.05106382978723404
4 0.26197916666666665 0.09042553191489362 0.05520833333333333 0.04893617021276596
4 0.31979166666666664 0.09042553191489362 0.053125 0.04893617021276596
4 0.39765625 0.09042553191489362 0.0890625 0.04893617021276596
4 0.9559895833333333 0.09148936170212765 0.04635416666666667 0.04680851063829787
13 0.5651041666666666 0.09042553191489362 0.8697916666666666 0.059574468085106386
0 0.15729166666666666 0.21170212765957447 0.03125 0.07021276595744681
12 0.5651041666666666 0.5606382978723404 0.8697916666666666 0.8723404255319149
3 0.5591145833333333 0.4308510638297872 0.8369791666666667 0.07021276595744681
3 0.5591145833333333 0.5053191489361702 0.8369791666666667 0.07872340425531915
3 0.5591145833333333 0.573936170212766 0.8369791666666667 0.05851063829787234
