0 0.01484375 0.03031914893617021 0.016145833333333335 0.03297872340425532
0 0.88984375 0.03031914893617021 0.016145833333333335 0.03723404255319149
0 0.8583333333333333 0.032446808510638296 0.017708333333333333 0.03297872340425532
0 0.92109375 0.032446808510638296 0.018229166666666668 0.03297872340425532
0 0.9841145833333333 0.032446808510638296 0.024479166666666666 0.052127659574468084
0 0.9518229166666666 0.032446808510638296 0.0171875 0.03297872340425532
0 0.29244791666666664 0.032446808510638296 0.0171875 0.03297872340425532
1 0.06901041666666667 0.034574468085106384 0.06927083333333334 0.03297872340425532
1 0.13307291666666668 0.03351063829787234 0.024479166666666666 0.030851063829787233
8 0.43255208333333334 0.032446808510638296 0.3026041666666667 0.04148936170212766
10 0.49921875 0.03031914893617021 0.9984375 0.06063829787234042
0 0.014322916666666666 0.0898936170212766 0.015104166666666667 0.035106382978723406
0 0.013541666666666667 0.14095744680851063 0.013541666666666667 0.03297872340425532
0 0.014322916666666666 0.18936170212765957 0.015104166666666667 0.036170212765957444
0 0.013020833333333334 0.23563829787234042 0.0125 0.03297872340425532
0 0.013020833333333334 0.34095744680851064 0.0125 0.03297872340425532
0 0.0140625 0.38670212765957446 0.0125 0.03297872340425532
0 0.013020833333333334 0.43138297872340425 0.0125 0.03297872340425532
0 0.013020833333333334 0.9792553191489362 0.014583333333333334 0.035106382978723406
0 0.013020833333333334 0.9324468085106383 0.014583333333333334 0.035106382978723406
0 0.014322916666666666 0.7223404255319149 0.015104166666666667 0.04042553191489362
0 0.013020833333333334 0.8308510638297872 0.014583333333333334 0.036170212765957444
0 0.103125 0.18776595744680852 0.017708333333333333 0.03297872340425532
0 0.103125 0.23297872340425532 0.017708333333333333 0.03404255319148936
0 0.103125 0.2845744680851064 0.017708333333333333 0.03297872340425532
0 0.10442708333333334 0.4856382978723404 0.0171875 0.03297872340425532
0 0.10442708333333334 0.6079787234042553 0.0171875 0.03297872340425532
0 0.103125 0.6696808510638298 0.017708333333333333 0.03297872340425532
0 0.10442708333333334 0.5462765957446809 0.0171875 0.03297872340425532
0 0.103125 0.775 0.017708333333333333 0.03297872340425532
0 0.103125 0.8813829787234042 0.017708333333333333 0.03297872340425532
2 0.04635416666666667 0.14095744680851063 0.08645833333333333 0.04148936170212766
2 0.04635416666666667 0.18829787234042553 0.08645833333333333 0.0425531914893617
2 0.04635416666666667 0.2351063829787234 0.08645833333333333 0.0425531914893617
2 0.04635416666666667 0.2872340425531915 0.08645833333333333 0.0425531914893617
5 0.0546875 0.3414893617021277 0.09791666666666667 0.0425531914893617
5 0.04765625 0.3882978723404255 0.08697916666666666 0.0425531914893617
5 0.057291666666666664 0.4329787234042553 0.10625 0.0425531914893617
2 0.04635416666666667 0.5468085106382978 0.08645833333333333 0.0425531914893617
2 0.04635416666666667 0.6090425531914894 0.08645833333333333 0.05425531914893617
5 0.04895833333333333 0.7212765957446808 0.09375 0.0425531914893617
2 0.04635416666666667 0.6691489361702128 0.08645833333333333 0.0425531914893617
2 0.04635416666666667 0.48723404255319147 0.08645833333333333 0.0425531914893617
2 0.04635416666666667 0.7792553191489362 0.08645833333333333 0.05425531914893617
5 0.046614583333333334 0.8319148936170213 0.09114583333333333 0.0425531914893617
2 0.0453125 0.8861702127659574 0.08645833333333333 0.0425531914893617
5 0.0453125 0.9361702127659575 0.08645833333333333 0.0425531914893617
5 0.05 0.9781914893617021 0.09583333333333334 0.04148936170212766
11 0.06458333333333334 0.5297872340425532 0.12916666666666668 0.9382978723404255
0 0.14401041666666667 0.0898936170212766 0.016145833333333335 0.035106382978723406
0 0.98515625 0.08882978723404256 0.0171875 0.03297872340425532
0 0.94453125 0.08882978723404256 0.016145833333333335 0.03723404255319149
0 0.33046875 0.09148936170212765 0.0171875 0.03829787234042553
0 0.17109375 0.08882978723404256 0.0171875 0.03297872340425532
0 0.82265625 0.08670212765957447 0.0171875 0.03297872340425532
0 0.5453125 0.08882978723404256 0.017708333333333333 0.03297872340425532
0 0.9760416666666667 0.1579787234042553 0.017708333333333333 0.03297872340425532
0 0.19895833333333332 0.09095744680851064 0.017708333333333333 0.03297872340425532
0 0.24609375 0.08882978723404256 0.0171875 0.03297872340425532
0 0.7346354166666667 0.09095744680851064 0.0171875 0.03297872340425532
0 0.37838541666666664 0.09148936170212765 0.016145833333333335 0.03829787234042553
0 0.2682291666666667 0.18617021276595744 0.010416666666666666 0.023404255319148935
0 0.6942708333333333 0.2398936170212766 0.0125 0.03297872340425532
0 0.4276041666666667 0.08882978723404256 0.017708333333333333 0.03723404255319149
0 0.6296875 0.08882978723404256 0.017708333333333333 0.03723404255319149
0 0.15729166666666666 0.16702127659574467 0.03125 0.06170212765957447
4 0.20885416666666667 0.09148936170212765 0.04375 0.05106382978723404
4 0.2752604166666667 0.09042553191489362 0.0796875 0.04893617021276596
4 0.34088541666666666 0.09042553191489362 0.0453125 0.04893617021276596
4 0.38958333333333334 0.09042553191489362 0.04479166666666667 0.04893617021276596
4 0.47213541666666664 0.09042553191489362 0.11302083333333333 0.04893617021276596
4 0.5736979166666667 0.09042553191489362 0.08072916666666667 0.04893617021276596
4 0.6690104166666667 0.09042553191489362 0.10260416666666666 0.04893617021276596
4 0.76640625 0.08936170212765958 0.08802083333333334 0.04680851063829787
4 0.9552083333333333 0.09042553191489362 0.04479166666666667 0.04893617021276596
13 0.5651041666666666 0.09042553191489362 0.8697916666666666 0.059574468085106386
1 0.7872395833333333 0.16808510638297872 0.0578125 0.06382978723404255
1 0.8565104166666667 0.17180851063829788 0.059895833333333336 0.06063829787234042
1 0.92421875 0.17180851063829788 0.05677083333333333 0.06063829787234042
1 0.20182291666666666 0.15425531914893617 0.04635416666666667 0.04042553191489362
1 0.24296875 0.15425531914893617 0.0359375 0.04042553191489362
1 0.2203125 0.18936170212765957 0.08541666666666667 0.029787234042553193
6 0.16536458333333334 0.24202127659574468 0.05677083333333333 0.052127659574468084
6 0.26067708333333334 0.24202127659574468 0.12239583333333333 0.052127659574468084
6 0.3536458333333333 0.24202127659574468 0.05625 0.052127659574468084
6 0.4640625 0.24202127659574468 0.15729166666666666 0.052127659574468084
6 0.5942708333333333 0.24202127659574468 0.09479166666666666 0.052127659574468084
6 0.6684895833333333 0.24202127659574468 0.0390625 0.052127659574468084
14 0.5645833333333333 0.2425531914893617 0.8708333333333333 0.06595744680851064
0 0.46770833333333334 0.651595744680851 0.016666666666666666 0.035106382978723406
0 0.52109375 0.651595744680851 0.013020833333333334 0.035106382978723406
0 0.4484375 0.651595744680851 0.017708333333333333 0.035106382978723406
0 0.8927083333333333 0.651595744680851 0.016666666666666666 0.035106382978723406
0 0.94609375 0.651595744680851 0.013020833333333334 0.035106382978723406
0 0.8734375 0.651595744680851 0.017708333333333333 0.035106382978723406
0 0.528125 0.33351063829787236 0.0125 0.035106382978723406
0 0.24322916666666666 0.33085106382978724 0.009375 0.029787234042553193
0 0.31979166666666664 0.3898936170212766 0.009375 0.030851063829787233
0 0.3854166666666667 0.38776595744680853 0.009375 0.030851063829787233
0 0.45 0.3898936170212766 0.009375 0.030851063829787233
0 0.4973958333333333 0.3898936170212766 0.009375 0.030851063829787233
0 0.953125 0.33563829787234045 0.0125 0.035106382978723406
0 0.225 0.3898936170212766 0.009375 0.030851063829787233
0 0.21458333333333332 0.3898936170212766 0.009375 0.030851063829787233
0 0.6880208333333333 0.38776595744680853 0.009375 0.030851063829787233
0 0.7802083333333333 0.3898936170212766 0.009375 0.030851063829787233
0 0.915625 0.3898936170212766 0.009375 0.030851063829787233
0 0.671875 0.3292553191489362 0.011458333333333333 0.03297872340425532
0 0.47317708333333336 0.32978723404255317 0.016145833333333335 0.03829787234042553
9 0.20078125 0.32978723404255317 0.09947916666666666 0.04680851063829787
9 0.6296875 0.32978723404255317 0.10729166666666666 0.04680851063829787
4 0.4856770833333333 0.32978723404255317 0.0484375 0.04680851063829787
7 0.21041666666666667 0.38882978723404255 0.042708333333333334 0.052127659574468084
7 0.29765625 0.39095744680851063 0.0578125 0.052127659574468084
7 0.36484375 0.39095744680851063 0.0578125 0.052127659574468084
7 0.42890625 0.39095744680851063 0.058854166666666666 0.052127659574468084
7 0.48463541666666665 0.39095744680851063 0.0390625 0.052127659574468084
7 0.6544270833333333 0.38882978723404255 0.0828125 0.052127659574468084
7 0.76484375 0.39095744680851063 0.04739583333333333 0.052127659574468084
7 0.8973958333333333 0.38882978723404255 0.052083333333333336 0.052127659574468084
1 0.34713541666666664 0.4946808510638298 0.07864583333333333 0.0425531914893617
1 0.77109375 0.4968085106382979 0.07864583333333333 0.0425531914893617
1 0.18515625 0.6553191489361702 0.04010416666666667 0.03829787234042553
1 0.49453125 0.6526595744680851 0.03802083333333333 0.03723404255319149
1 0.6088541666666667 0.6553191489361702 0.040625 0.03829787234042553
1 0.9205729166666666 0.6526595744680851 0.03802083333333333 0.03723404255319149
15 0.34739583333333335 0.39095744680851063 0.41354166666666664 0.05638297872340425
15 0.77109375 0.38882978723404255 0.41302083333333334 0.05638297872340425
12 0.5651041666666666 0.5601063829787234 0.8697916666666666 0.8797872340425532
