0 0.01484375 0.03031914893617021 0.016145833333333335 0.03297872340425532
0 0.88984375 0.03031914893617021 0.016145833333333335 0.03723404255319149
0 0.8583333333333333 0.032446808510638296 0.017708333333333333 0.03297872340425532
0 0.92109375 0.032446808510638296 0.018229166666666668 0.03297872340425532
0 0.9841145833333333 0.032446808510638296 0.024479166666666666 0.052127659574468084
0 0.9518229166666666 0.032446808510638296 0.0171875 0.03297872340425532
0 0.29244791666666664 0.032446808510638296 0.0171875 0.03297872340425532
1 0.06901041666666667 0.034574468085106384 0.06927083333333334 0.03297872340425532
1 0.13307291666666668 0.03351063829787234 0.024479166666666666 0.030851063829787233
8 0.43255208333333334 0.032446808510638296 0.3026041666666667 0.04148936170212766
10 0.49921875 0.03031914893617021 0.9984375 0.06063829787234042
0 0.014322916666666666 0.0898936170212766 0.015104166666666667 0.035106382978723406
0 0.013541666666666667 0.14095744680851063 0.013541666666666667 0.03297872340425532
0 0.014322916666666666 0.18936170212765957 0.015104166666666667 0.036170212765957444
0 0.013020833333333334 0.23563829787234042 0.0125 0.03297872340425532
0 0.014322916666666666 0.6398936170212766 0.015104166666666667 0.035106382978723406
0 0.11458333333333333 0.18776595744680852 0.017708333333333333 0.03297872340425532
0 0.11458333333333333 0.23563829787234042 0.017708333333333333 0.03297872340425532
0 0.11458333333333333 0.2845744680851064 0.017708333333333333 0.03297872340425532
0 0.11588541666666667 0.34627659574468084 0.0171875 0.03297872340425532
0 0.11588541666666667 0.4664893617021277 0.0171875 0.03297872340425532
0 0.11588541666666667 0.525 0.0171875 0.03297872340425532
0 0.11458333333333333 0.40797872340425534 0.017708333333333333 0.03297872340425532
0 0.11458333333333333 0.5867021276595744 0.017708333333333333 0.03297872340425532
0 0.11458333333333333 0.6909574468085107 0.017708333333333333 0.03297872340425532
2 0.05234375 0.14095744680851063 0.0984375 0.04148936170212766
2 0.05234375 0.18829787234042553 0.0984375 0.0425531914893617
2 0.05234375 0.2351063829787234 0.0984375 0.0425531914893617
2 0.05234375 0.28936170212765955 0.0984375 0.0425531914893617
2 0.053385416666666664 0.5867021276595744 0.10052083333333334 0.04148936170212766
2 0.05234375 0.34574468085106386 0.0984375 0.0425531914893617
2 0.05234375 0.4074468085106383 0.0984375 0.0425531914893617
2 0.05234375 0.4664893617021277 0.0984375 0.04148936170212766
2 0.05234375 0.5276595744680851 0.0984375 0.0425531914893617
5 0.05286458333333333 0.6382978723404256 0.10572916666666667 0.0425531914893617
2 0.05234375 0.6904255319148936 0.0984375 0.0425531914893617
11 0.06458333333333334 0.5297872340425532 0.12916666666666668 0.9382978723404255
0 0.22630208333333332 0.08882978723404256 0.016145833333333335 0.03723404255319149
0 0.14401041666666667 0.0898936170212766 0.016145833333333335 0.035106382978723406
0 0.98515625 0.08882978723404256 0.0171875 0.03297872340425532
0 0.94453125 0.08882978723404256 0.016145833333333335 0.03723404255319149
0 0.33619791666666665 0.08882978723404256 0.0171875 0.03723404255319149
0 0.3854166666666667 0.08882978723404256 0.016666666666666666 0.03723404255319149
0 0.50390625 0.08882978723404256 0.0171875 0.03297872340425532
0 0.19765625 0.08882978723404256 0.0171875 0.03297872340425532
0 0.17057291666666666 0.09148936170212765 0.018229166666666668 0.0425531914893617
0 0.7013020833333333 0.08882978723404256 0.0171875 0.03297872340425532
0 0.5638020833333334 0.08882978723404256 0.0171875 0.03297872340425532
0 0.6481770833333333 0.08776595744680851 0.015104166666666667 0.035106382978723406
0 0.14296875 0.14095744680851063 0.016145833333333335 0.03723404255319149
1 0.24270833333333333 0.1398936170212766 0.18125 0.030851063829787233
4 0.2677083333333333 0.09042553191489362 0.10625 0.04893617021276596
4 0.3463541666666667 0.09042553191489362 0.04375 0.04893617021276596
4 0.43046875 0.09042553191489362 0.1109375 0.04893617021276596
4 0.52109375 0.09042553191489362 0.0546875 0.04893617021276596
4 0.5919270833333333 0.09042553191489362 0.07864583333333333 0.04893617021276596
4 0.6643229166666667 0.09042553191489362 0.0546875 0.04893617021276596
4 0.9546875 0.0925531914893617 0.04375 0.04893617021276596
13 0.5645833333333333 0.08882978723404256 0.8708333333333333 0.05638297872340425
0 0.5588541666666667 0.46382978723404256 0.020833333333333332 0.04680851063829787
6 0.19036458333333334 0.28138297872340423 0.09947916666666666 0.05
6 0.28802083333333334 0.28138297872340423 0.075 0.05
6 0.37083333333333335 0.28138297872340423 0.075 0.05
6 0.44296875 0.28138297872340423 0.0578125 0.05
6 0.5044270833333333 0.28138297872340423 0.050520833333333334 0.05
1 0.15859375 0.23138297872340424 0.0359375 0.030851063829787233
1 0.5609375 0.5079787234042553 0.11354166666666667 0.035106382978723406
14 0.5645833333333333 0.28138297872340423 0.8708333333333333 0.05851063829787234
1 0.16614583333333333 0.2 0.051041666666666666 0.03829787234042553
1 0.2078125 0.19840425531914893 0.03229166666666667 0.035106382978723406
12 0.56484375 0.5569148936170213 0.8692708333333333 0.8797872340425532
