0 0.014721345951629864 0.03036876355748373 0.015772870662460567 0.03253796095444685
0 0.8898527865404837 0.02982646420824295 0.01629863301787592 0.03796095444685466
0 0.8583070452155626 0.03253796095444685 0.017350157728706624 0.03253796095444685
0 0.9213985278654049 0.03253796095444685 0.01840168243953733 0.03253796095444685
0 0.9842271293375394 0.03253796095444685 0.024185068349106203 0.052060737527114966
0 0.9518927444794952 0.03253796095444685 0.017350157728706624 0.03253796095444685
0 0.29258675078864355 0.03253796095444685 0.017350157728706624 0.03253796095444685
1 0.06887486855941115 0.03470715835140998 0.0694006309148265 0.03253796095444685
1 0.13301787592008413 0.033622559652928416 0.024185068349106203 0.03036876355748373
8 0.4327024185068349 0.03253796095444685 0.3028391167192429 0.04338394793926247
10 0.499211356466877 0.03036876355748373 0.998422712933754 0.06073752711496746
0 0.014195583596214511 0.09056399132321041 0.014721345951629864 0.03579175704989154
0 0.013669821240799159 0.14099783080260303 0.013669821240799159 0.03253796095444685
0 0.014195583596214511 0.18926247288503253 0.014721345951629864 0.03579175704989154
0 0.013144058885383806 0.23535791757049893 0.012618296529968454 0.03253796095444685
0 0.013144058885383806 0.35086767895878523 0.012618296529968454 0.033622559652928416
0 0.014195583596214511 0.3958785249457701 0.012618296529968454 0.03253796095444685
0 0.013144058885383806 0.4403470715835141 0.012618296529968454 0.03253796095444685
0 0.01288117770767613 0.9278741865509761 0.015247108307045216 0.04013015184381779
0 0.01288117770767613 0.8172451193058569 0.015247108307045216 0.04013015184381779
0 0.01288117770767613 0.722885032537961 0.015247108307045216 0.04013015184381779
0 0.014195583596214511 0.6751626898047722 0.014721345951629864 0.04013015184381779
0 0.014195583596214511 0.767353579175705 0.014721345951629864 0.04013015184381779
0 0.10436382754994743 0.19305856832971802 0.017350157728706624 0.03253796095444685
0 0.10436382754994743 0.23752711496746204 0.017350157728706624 0.03253796095444685
0 0.10436382754994743 0.289587852494577 0.017350157728706624 0.03253796095444685
0 0.10541535226077813 0.4972885032537961 0.017350157728706624 0.033622559652928416
0 0.10541535226077813 0.5591106290672451 0.017350157728706624 0.033622559652928416
0 0.10541535226077813 0.9783080260303688 0.017350157728706624 0.03253796095444685
0 0.10331230283911672 0.6203904555314533 0.017350157728706624 0.03253796095444685
0 0.10541535226077813 0.8703904555314533 0.017350157728706624 0.033622559652928416
2 0.04652996845425868 0.14370932754880694 0.08675078864353312 0.04229934924078091
2 0.04652996845425868 0.1903470715835141 0.08675078864353312 0.04229934924078091
2 0.04652996845425868 0.2380694143167028 0.08675078864353312 0.04229934924078091
2 0.04652996845425868 0.294468546637744 0.08675078864353312 0.04229934924078091
5 0.05441640378548896 0.346529284164859 0.09831756046267087 0.04229934924078091
5 0.04758149316508938 0.39316702819956617 0.08675078864353312 0.04229934924078091
5 0.05914826498422713 0.43817787418655096 0.10988433228180862 0.04338394793926247
2 0.04758149316508938 0.5558568329718004 0.08675078864353312 0.04229934924078091
2 0.04758149316508938 0.49945770065075923 0.08675078864353312 0.04229934924078091
2 0.04652996845425868 0.6182212581344902 0.08675078864353312 0.05422993492407809
5 0.05625657202944269 0.6762472885032538 0.10410094637223975 0.04229934924078091
5 0.049947423764458466 0.7185466377440347 0.0914826498422713 0.04229934924078091
5 0.05231335436382755 0.7684381778741866 0.09621451104100946 0.04229934924078091
5 0.049947423764458466 0.8156182212581344 0.0914826498422713 0.04338394793926247
2 0.04758149316508938 0.8714750542299349 0.08675078864353312 0.04229934924078091
2 0.04758149316508938 0.9766811279826464 0.08675078864353312 0.044468546637744036
5 0.04889589905362776 0.9251626898047722 0.0914826498422713 0.04338394793926247
11 0.06440588853838065 0.529826464208243 0.1288117770767613 0.938177874186551
0 0.1440588853838065 0.09056399132321041 0.015772870662460567 0.03579175704989154
0 0.19900105152471084 0.09164859002169197 0.017350157728706624 0.033622559652928416
0 0.17113564668769715 0.08893709327548807 0.017350157728706624 0.03253796095444685
0 0.2610410094637224 0.09164859002169197 0.017350157728706624 0.033622559652928416
0 0.9855415352260778 0.08893709327548807 0.017350157728706624 0.03253796095444685
0 0.9442691903259727 0.08947939262472886 0.015772870662460567 0.03796095444685466
0 0.5254994742376445 0.09164859002169197 0.017350157728706624 0.033622559652928416
0 0.43664563617245006 0.09164859002169197 0.017350157728706624 0.033622559652928416
0 0.3456887486855941 0.09164859002169197 0.017350157728706624 0.033622559652928416
0 0.14274447949526814 0.14099783080260303 0.01629863301787592 0.0368763557483731
0 0.9760778128286015 0.2044468546637744 0.017350157728706624 0.033622559652928416
1 0.24263932702418506 0.1399132321041215 0.18138801261829654 0.03036876355748373
4 0.21556256572029442 0.09273318872017354 0.05573080967402734 0.04880694143167028
4 0.28890641430073605 0.09273318872017354 0.07728706624605679 0.04880694143167028
4 0.3756572029442692 0.09002169197396963 0.08464773922187172 0.049891540130151846
4 0.46976866456361727 0.0911062906724512 0.08990536277602523 0.052060737527114966
4 0.9547844374342797 0.09002169197396963 0.04416403785488959 0.049891540130151846
1 0.17218717139852788 0.19902386117136658 0.06361724500525763 0.03579175704989154
1 0.2213459516298633 0.20227765726681127 0.03470031545741325 0.033622559652928416
1 0.17113564668769715 0.2380694143167028 0.061514195583596214 0.03796095444685466
1 0.9408517350157729 0.21258134490238612 0.0341745531019979 0.05422993492407809
6 0.1619348054679285 0.2917570498915401 0.0473186119873817 0.04772234273318872
6 0.21792849631966352 0.294468546637744 0.055205047318611984 0.046637744034707156
14 0.5651945320715037 0.2928416485900217 0.8696109358569927 0.05856832971800434
13 0.5644058885383807 0.09273318872017354 0.8711882229232387 0.0596529284164859
1 0.18217665615141956 0.4495661605206074 0.04363827549947424 0.03796095444685466
1 0.18165089379600421 0.5178958785249458 0.04258675078864353 0.03796095444685466
1 0.2812828601472135 0.4539045553145336 0.023133543638275498 0.03796095444685466
1 0.1827024185068349 0.5829718004338394 0.04468980021030494 0.03796095444685466
1 0.17350157728706625 0.6513015184381779 0.026288117770767613 0.03796095444685466
3 0.5599369085173501 0.4452277657266811 0.8359621451104101 0.06832971800433839
3 0.5599369085173501 0.5135574837310195 0.8359621451104101 0.06832971800433839
9 0.18559411146161936 0.368763557483731 0.07360672975814932 0.04338394793926247
9 0.18743427970557308 0.7472885032537961 0.0793901156677182 0.04338394793926247
1 0.18165089379600421 0.8280911062906724 0.04258675078864353 0.03796095444685466
1 0.1827024185068349 0.8964208242950108 0.04468980021030494 0.03796095444685466
1 0.18349106203995794 0.9636659436008677 0.046267087276550996 0.03796095444685466
1 0.6056782334384858 0.44739696312364424 0.07570977917981073 0.03796095444685466
1 0.6046267087276551 0.5157266811279827 0.07360672975814932 0.03796095444685466
1 0.6067297581493165 0.5829718004338394 0.07781282860147214 0.03796095444685466
1 0.6046267087276551 0.8259219088937093 0.07360672975814932 0.03796095444685466
1 0.6062039957939012 0.8942516268980477 0.07676130389064142 0.03796095444685466
1 0.6054153522607781 0.9614967462039046 0.07518401682439538 0.03796095444685466
1 0.2812828601472135 0.5211496746203904 0.023133543638275498 0.03796095444685466
1 0.2812828601472135 0.5851409978308026 0.023133543638275498 0.03796095444685466
1 0.2812828601472135 0.6540130151843818 0.023133543638275498 0.039045553145336226
1 0.2812828601472135 0.8324295010845987 0.023133543638275498 0.03796095444685466
1 0.2812828601472135 0.8964208242950108 0.023133543638275498 0.03796095444685466
1 0.2812828601472135 0.9658351409978309 0.023133543638275498 0.03796095444685466
1 0.6892744479495269 0.4539045553145336 0.023133543638275498 0.03796095444685466
1 0.6892744479495269 0.5178958785249458 0.023133543638275498 0.03796095444685466
1 0.6892744479495269 0.5873101952277657 0.023133543638275498 0.03796095444685466
1 0.6892744479495269 0.8324295010845987 0.023133543638275498 0.03796095444685466
1 0.6892744479495269 0.8964208242950108 0.023133543638275498 0.03796095444685466
1 0.6892744479495269 0.9658351409978309 0.023133543638275498 0.03796095444685466
3 0.5599369085173501 0.5829718004338394 0.8359621451104101 0.06832971800433839
3 0.5599369085173501 0.6523861171366594 0.8359621451104101 0.06832971800433839
3 0.5599369085173501 0.8248373101952278 0.8359621451104101 0.07049891540130152
3 0.5599369085173501 0.8953362255965293 0.8359621451104101 0.06832971800433839
3 0.5599369085173501 0.9636659436008677 0.8359621451104101 0.06832971800433839
12 0.564931650893796 0.561822125813449 0.8690851735015773 0.8763557483731019
