0 0.01484375 0.03031914893617021 0.016145833333333335 0.03297872340425532
0 0.88984375 0.03031914893617021 0.016145833333333335 0.03723404255319149
0 0.8583333333333333 0.032446808510638296 0.017708333333333333 0.03297872340425532
0 0.92109375 0.032446808510638296 0.018229166666666668 0.03297872340425532
0 0.9841145833333333 0.032446808510638296 0.024479166666666666 0.052127659574468084
0 0.9518229166666666 0.032446808510638296 0.0171875 0.03297872340425532
0 0.29244791666666664 0.032446808510638296 0.0171875 0.03297872340425532
1 0.06901041666666667 0.034574468085106384 0.06927083333333334 0.03297872340425532
1 0.13307291666666668 0.03351063829787234 0.024479166666666666 0.030851063829787233
8 0.43255208333333334 0.032446808510638296 0.3026041666666667 0.04148936170212766
10 0.49921875 0.03031914893617021 0.9984375 0.06063829787234042
0 0.014322916666666666 0.0898936170212766 0.015104166666666667 0.035106382978723406
0 0.013541666666666667 0.14095744680851063 0.013541666666666667 0.03297872340425532
0 0.014322916666666666 0.18936170212765957 0.015104166666666667 0.036170212765957444
0 0.013020833333333334 0.23563829787234042 0.0125 0.03297872340425532
0 0.013020833333333334 0.34095744680851064 0.0125 0.03297872340425532
0 0.0140625 0.38670212765957446 0.0125 0.03297872340425532
0 0.013020833333333334 0.43138297872340425 0.0125 0.03297872340425532
0 0.013020833333333334 0.9792553191489362 0.014583333333333334 0.035106382978723406
0 0.013020833333333334 0.9324468085106383 0.014583333333333334 0.035106382978723406
0 0.014322916666666666 0.7223404255319149 0.015104166666666667 0.04042553191489362
0 0.013020833333333334 0.8308510638297872 0.014583333333333334 0.036170212765957444
0 0.103125 0.18776595744680852 0.017708333333333333 0.03297872340425532
0 0.103125 0.23297872340425532 0.017708333333333333 0.03404255319148936
0 0.103125 0.2845744680851064 0.017708333333333333 0.03297872340425532
0 0.10442708333333334 0.4856382978723404 0.0171875 0.03297872340425532
0 0.10442708333333334 0.6079787234042553 0.0171875 0.03297872340425532
0 0.103125 0.6696808510638298 0.017708333333333333 0.03297872340425532
0 0.10442708333333334 0.5462765957446809 0.0171875 0.03297872340425532
0 0.103125 0.775 0.017708333333333333 0.03297872340425532
0 0.103125 0.8813829787234042 0.017708333333333333 0.03297872340425532
2 0.04635416666666667 0.14095744680851063 0.08645833333333333 0.04148936170212766
2 0.04635416666666667 0.18829787234042553 0.08645833333333333 0.0425531914893617
2 0.04635416666666667 0.2351063829787234 0.08645833333333333 0.0425531914893617
2 0.04635416666666667 0.2872340425531915 0.08645833333333333 0.0425531914893617
5 0.0546875 0.3414893617021277 0.09791666666666667 0.0425531914893617
5 0.04765625 0.3882978723404255 0.08697916666666666 0.0425531914893617
5 0.057291666666666664 0.4329787234042553 0.10625 0.0425531914893617
2 0.04635416666666667 0.5468085106382978 0.08645833333333333 0.0425531914893617
2 0.04635416666666667 0.6090425531914894 0.08645833333333333 0.05425531914893617
5 0.04895833333333333 0.7212765957446808 0.09375 0.0425531914893617
2 0.04635416666666667 0.6691489361702128 0.08645833333333333 0.0425531914893617
2 0.04635416666666667 0.48723404255319147 0.08645833333333333 0.0425531914893617
2 0.04635416666666667 0.7792553191489362 0.08645833333333333 0.05425531914893617
5 0.046614583333333334 0.8319148936170213 0.09114583333333333 0.0425531914893617
2 0.0453125 0.8861702127659574 0.08645833333333333 0.0425531914893617
5 0.0453125 0.9361702127659575 0.08645833333333333 0.0425531914893617
5 0.05 0.9781914893617021 0.09583333333333334 0.04148936170212766
11 0.06458333333333334 0.5297872340425532 0.12916666666666668 0.9382978723404255
0 0.14401041666666667 0.0898936170212766 0.016145833333333335 0.035106382978723406
0 0.98515625 0.08882978723404256 0.0171875 0.03297872340425532
0 0.94453125 0.08882978723404256 0.016145833333333335 0.03723404255319149
0 0.33046875 0.09148936170212765 0.0171875 0.03829787234042553
0 0.17109375 0.08882978723404256 0.0171875 0.03297872340425532
0 0.82265625 0.08670212765957447 0.0171875 0.03297872340425532
0 0.5453125 0.08882978723404256 0.017708333333333333 0.03297872340425532
0 0.9760416666666667 0.1579787234042553 0.017708333333333333 0.03297872340425532
0 0.19895833333333332 0.09095744680851064 0.017708333333333333 0.03297872340425532
0 0.24609375 0.08882978723404256 0.0171875 0.03297872340425532
0 0.7346354166666667 0.09095744680851064 0.0171875 0.03297872340425532
0 0.37838541666666664 0.09148936170212765 0.016145833333333335 0.03829787234042553
0 0.2682291666666667 0.18617021276595744 0.010416666666666666 0.023404255319148935
0 0.6942708333333333 0.2398936170212766 0.0125 0.03297872340425532
0 0.4276041666666667 0.08882978723404256 0.017708333333333333 0.03723404255319149
0 0.6296875 0.08882978723404256 0.017708333333333333 0.03723404255319149
0 0.15729166666666666 0.16702127659574467 0.03125 0.06170212765957447
4 0.20885416666666667 0.09148936170212765 0.04375 0.05106382978723404
4 0.2752604166666667 0.09042553191489362 0.0796875 0.04893617021276596
4 0.34088541666666666 0.09042553191489362 0.0453125 0.04893617021276596
4 0.38958333333333334 0.09042553191489362 0.04479166666666667 0.04893617021276596
4 0.47213541666666664 0.09042553191489362 0.11302083333333333 0.04893617021276596
4 0.5736979166666667 0.09042553191489362 0.08072916666666667 0.04893617021276596
4 0.6690104166666667 0.09042553191489362 0.10260416666666666 0.04893617021276596
4 0.76640625 0.08936170212765958 0.08802083333333334 0.04680851063829787
4 0.9552083333333333 0.09042553191489362 0.04479166666666667 0.04893617021276596
13 0.5651041666666666 0.09042553191489362 0.8697916666666666 0.059574468085106386
1 0.7872395833333333 0.16808510638297872 0.0578125 0.06382978723404255
1 0.8565104166666667 0.17180851063829788 0.059895833333333336 0.06063829787234042
1 0.92421875 0.17180851063829788 0.05677083333333333 0.06063829787234042
1 0.20182291666666666 0.15425531914893617 0.04635416666666667 0.04042553191489362
1 0.24296875 0.15425531914893617 0.0359375 0.04042553191489362
1 0.2203125 0.18936170212765957 0.08541666666666667 0.029787234042553193
6 0.16536458333333334 0.24202127659574468 0.05677083333333333 0.052127659574468084
6 0.26067708333333334 0.24202127659574468 0.12239583333333333 0.052127659574468084
6 0.3536458333333333 0.24202127659574468 0.05625 0.052127659574468084
6 0.4640625 0.24202127659574468 0.15729166666666666 0.052127659574468084
6 0.5942708333333333 0.24202127659574468 0.09479166666666666 0.052127659574468084
6 0.6684895833333333 0.24202127659574468 0.0390625 0.052127659574468084
14 0.5645833333333333 0.2425531914893617 0.8708333333333333 0.06595744680851064
0 0.5315104166666667 0.31542553191489364 0.0171875 0.03297872340425532
0 0.9276041666666667 0.5069148936170212 0.017708333333333333 0.03297872340425532
0 0.9565104166666667 0.6430851063829788 0.0171875 0.03297872340425532
0 0.90546875 0.5069148936170212 0.0171875 0.03297872340425532
0 0.6526041666666667 0.4053191489361702 0.010416666666666666 0.03829787234042553
0 0.9494791666666667 0.5069148936170212 0.0125 0.03297872340425532
0 0.61640625 0.5111702127659574 0.0140625 0.02872340425531915
0 0.5846354166666666 0.47606382978723405 0.024479166666666666 0.052127659574468084
0 0.15625 0.38351063829787235 0.0125 0.03297872340425532
0 0.15625 0.449468085106383 0.0125 0.03297872340425532
0 0.15625 0.5164893617021277 0.0125 0.03297872340425532
0 0.15625 0.31542553191489364 0.0125 0.03297872340425532
0 0.5325520833333334 0.4526595744680851 0.0171875 0.03297872340425532
0 0.5856770833333333 0.7590425531914894 0.024479166666666666 0.052127659574468084
0 0.678125 0.7893617021276595 0.010416666666666666 0.03829787234042553
0 0.6153645833333333 0.7920212765957447 0.0140625 0.02872340425531915
0 0.6192708333333333 0.600531914893617 0.017708333333333333 0.03297872340425532
0 0.9263020833333333 0.7920212765957447 0.0171875 0.03297872340425532
0 0.9044270833333333 0.7920212765957447 0.0171875 0.03297872340425532
0 0.9484375 0.7920212765957447 0.0125 0.03297872340425532
0 0.9565104166666667 0.6877659574468085 0.0171875 0.03297872340425532
0 0.9565104166666667 0.3579787234042553 0.0171875 0.03297872340425532
0 0.9565104166666667 0.4026595744680851 0.0171875 0.03297872340425532
0 0.9565104166666667 0.8888297872340426 0.0171875 0.03297872340425532
0 0.9565104166666667 0.9335106382978723 0.0171875 0.03297872340425532
0 0.5291666666666667 0.7271276595744681 0.0125 0.035106382978723406
0 0.24114583333333334 0.7792553191489362 0.009375 0.030851063829787233
0 0.40729166666666666 0.7792553191489362 0.009375 0.030851063829787233
0 0.5044270833333333 0.7792553191489362 0.008854166666666666 0.030851063829787233
0 0.23177083333333334 0.7792553191489362 0.009375 0.030851063829787233
1 0.6729166666666667 0.4723404255319149 0.13125 0.036170212765957444
1 0.6463541666666667 0.5090425531914894 0.04583333333333333 0.03297872340425532
1 0.6677083333333333 0.5547872340425531 0.12083333333333333 0.05425531914893617
1 0.6348958333333333 0.6446808510638298 0.053125 0.04042553191489362
1 0.6388020833333333 0.6904255319148936 0.0609375 0.0425531914893617
1 0.7127604166666667 0.6047872340425532 0.16510416666666666 0.035106382978723406
1 0.6729166666666667 0.7601063829787233 0.13125 0.035106382978723406
1 0.6481770833333333 0.7962765957446809 0.049479166666666664 0.03297872340425532
1 0.6677083333333333 0.8404255319148937 0.12083333333333333 0.04893617021276596
1 0.6348958333333333 0.9319148936170213 0.053125 0.04042553191489362
1 0.6354166666666666 0.8920212765957447 0.05625 0.035106382978723406
1 0.7041666666666667 0.7941489361702128 0.041666666666666664 0.03297872340425532
1 0.7763020833333333 0.3074468085106383 0.3411458333333333 0.04893617021276596
1 0.6260416666666667 0.40638297872340423 0.040625 0.04042553191489362
1 0.6341145833333334 0.35904255319148937 0.05677083333333333 0.035106382978723406
1 0.68671875 0.40638297872340423 0.0578125 0.04042553191489362
1 0.20911458333333333 0.3180851063829787 0.09114583333333333 0.03829787234042553
1 0.19244791666666666 0.38882978723404255 0.0578125 0.03723404255319149
1 0.2046875 0.45478723404255317 0.08229166666666667 0.03723404255319149
1 0.2 0.5324468085106383 0.07291666666666667 0.05638297872340425
1 0.2791666666666667 0.3202127659574468 0.022916666666666665 0.03829787234042553
1 0.2791666666666667 0.38882978723404255 0.022916666666666665 0.03723404255319149
1 0.2791666666666667 0.45478723404255317 0.022916666666666665 0.03723404255319149
1 0.2791666666666667 0.5207446808510638 0.022916666666666665 0.03723404255319149
3 0.34739583333333335 0.3159574468085106 0.41354166666666664 0.06595744680851064
3 0.34739583333333335 0.3840425531914894 0.41354166666666664 0.07021276595744681
3 0.34739583333333335 0.4521276595744681 0.41354166666666664 0.06595744680851064
3 0.34739583333333335 0.5276595744680851 0.41354166666666664 0.0851063829787234
1 0.19375 0.6505319148936171 0.06458333333333334 0.03723404255319149
1 0.2791666666666667 0.6574468085106383 0.022916666666666665 0.03829787234042553
1 0.34765625 0.8872340425531915 0.0796875 0.04468085106382979
9 0.17447916666666666 0.7223404255319149 0.05416666666666667 0.04468085106382979
7 0.21848958333333332 0.7797872340425532 0.0609375 0.04680851063829787
7 0.39869791666666665 0.7803191489361702 0.033854166666666664 0.052127659574468084
7 0.48125 0.7803191489361702 0.0625 0.05638297872340425
15 0.34739583333333335 0.7803191489361702 0.41354166666666664 0.05638297872340425
3 0.3484375 0.6553191489361702 0.41354166666666664 0.06595744680851064
12 0.5651041666666666 0.5601063829787234 0.8697916666666666 0.8797872340425532
