0 0.01484375 0.03031914893617021 0.016145833333333335 0.03297872340425532
0 0.88984375 0.03031914893617021 0.016145833333333335 0.03723404255319149
0 0.8583333333333333 0.032446808510638296 0.017708333333333333 0.03297872340425532
0 0.92109375 0.032446808510638296 0.018229166666666668 0.03297872340425532
0 0.9841145833333333 0.032446808510638296 0.024479166666666666 0.052127659574468084
0 0.9518229166666666 0.032446808510638296 0.0171875 0.03297872340425532
0 0.29244791666666664 0.032446808510638296 0.0171875 0.03297872340425532
1 0.06901041666666667 0.034574468085106384 0.06927083333333334 0.03297872340425532
1 0.13307291666666668 0.03351063829787234 0.024479166666666666 0.030851063829787233
8 0.43255208333333334 0.032446808510638296 0.3026041666666667 0.04148936170212766
10 0.49921875 0.03031914893617021 0.9984375 0.06063829787234042
0 0.014322916666666666 0.0898936170212766 0.015104166666666667 0.035106382978723406
0 0.013541666666666667 0.14095744680851063 0.013541666666666667 0.03297872340425532
0 0.014322916666666666 0.18936170212765957 0.015104166666666667 0.036170212765957444
0 0.013020833333333334 0.23563829787234042 0.0125 0.03297872340425532
0 0.013020833333333334 0.5808510638297872 0.014583333333333334 0.04042553191489362
0 0.11458333333333333 0.18563829787234043 0.017708333333333333 0.03297872340425532
0 0.11458333333333333 0.23563829787234042 0.017708333333333333 0.03297872340425532
0 0.11458333333333333 0.2845744680851064 0.017708333333333333 0.03297872340425532
0 0.11458333333333333 0.34414893617021275 0.017708333333333333 0.03297872340425532
0 0.11458333333333333 0.4047872340425532 0.017708333333333333 0.03297872340425532
0 0.11458333333333333 0.4643617021276596 0.017708333333333333 0.03297872340425532
0 0.11458333333333333 0.6292553191489362 0.017708333333333333 0.03297872340425532
0 0.11588541666666667 0.6930851063829787 0.0171875 0.03297872340425532
0 0.11588541666666667 0.525 0.0171875 0.03297872340425532
2 0.05234375 0.14095744680851063 0.0984375 0.04148936170212766
2 0.05234375 0.18829787234042553 0.0984375 0.0425531914893617
2 0.05234375 0.2351063829787234 0.0984375 0.0425531914893617
2 0.05234375 0.28936170212765955 0.0984375 0.0425531914893617
5 0.05182291666666667 0.5797872340425532 0.10364583333333334 0.0425531914893617
2 0.05234375 0.34574468085106386 0.0984375 0.0425531914893617
2 0.05234375 0.4074468085106383 0.0984375 0.0425531914893617
2 0.05234375 0.4664893617021277 0.0984375 0.04148936170212766
2 0.05234375 0.5276595744680851 0.0984375 0.0425531914893617
2 0.05234375 0.6340425531914894 0.0984375 0.0425531914893617
2 0.05234375 0.6904255319148936 0.0984375 0.0425531914893617
11 0.06458333333333334 0.5297872340425532 0.12916666666666668 0.9382978723404255
0 0.22630208333333332 0.08882978723404256 0.016145833333333335 0.03723404255319149
0 0.14401041666666667 0.0898936170212766 0.016145833333333335 0.035106382978723406
0 0.2734375 0.09095744680851064 0.01875 0.03297872340425532
0 0.98515625 0.08882978723404256 0.0171875 0.03297872340425532
0 0.94453125 0.08882978723404256 0.016145833333333335 0.03723404255319149
0 0.14296875 0.14095744680851063 0.016145833333333335 0.03723404255319149
0 0.33307291666666666 0.08882978723404256 0.0171875 0.03723404255319149
0 0.39140625 0.08882978723404256 0.016145833333333335 0.03723404255319149
0 0.47942708333333334 0.08882978723404256 0.0171875 0.03297872340425532
0 0.19765625 0.08882978723404256 0.0171875 0.03297872340425532
0 0.17057291666666666 0.09148936170212765 0.018229166666666668 0.0425531914893617
1 0.24270833333333333 0.1398936170212766 0.18125 0.030851063829787233
1 0.19895833333333332 0.21382978723404256 0.042708333333333334 0.06595744680851064
1 0.7942708333333334 0.21436170212765956 0.04375 0.052127659574468084
1 0.8583333333333333 0.21436170212765956 0.06354166666666666 0.052127659574468084
1 0.9395833333333333 0.2127659574468085 0.05520833333333333 0.059574468085106386
1 0.7497395833333333 0.21648936170212765 0.028645833333333332 0.047872340425531915
6 0.19140625 0.2851063829787234 0.09947916666666666 0.0425531914893617
6 0.296875 0.2851063829787234 0.09583333333333334 0.0425531914893617
6 0.37083333333333335 0.2851063829787234 0.042708333333333334 0.0425531914893617
6 0.4622395833333333 0.2851063829787234 0.1234375 0.0425531914893617
14 0.56484375 0.28617021276595744 0.8692708333333333 0.059574468085106386
4 0.23645833333333333 0.09148936170212765 0.04375 0.05106382978723404
4 0.28958333333333336 0.09148936170212765 0.05520833333333333 0.05106382978723404
4 0.34791666666666665 0.09042553191489362 0.05416666666666667 0.04893617021276596
4 0.42473958333333334 0.09042553191489362 0.08802083333333334 0.04893617021276596
4 0.9552083333333333 0.09042553191489362 0.04479166666666667 0.04893617021276596
13 0.5643229166666667 0.08882978723404256 0.8703125 0.05638297872340425
9 0.16432291666666668 0.36861702127659574 0.0359375 0.039361702127659576
9 0.17395833333333333 0.7531914893617021 0.05520833333333333 0.04042553191489362
9 0.18098958333333334 0.9276595744680851 0.06927083333333334 0.04042553191489362
1 0.6346354166666667 0.3452127659574468 0.1015625 0.05851063829787234
1 0.62734375 0.41702127659574467 0.08697916666666666 0.03829787234042553
1 0.6346354166666667 0.4888297872340426 0.1015625 0.05851063829787234
1 0.6098958333333333 0.6430851063829788 0.052083333333333336 0.03723404255319149
1 0.6192708333333333 0.7095744680851064 0.07083333333333333 0.03829787234042553
1 0.6075520833333333 0.7776595744680851 0.04739583333333333 0.03829787234042553
1 0.6169270833333333 0.851063829787234 0.06614583333333333 0.03829787234042553
1 0.6174479166666667 0.9191489361702128 0.0671875 0.03829787234042553
1 0.7065104166666667 0.3484042553191489 0.0234375 0.03723404255319149
1 0.7065104166666667 0.4218085106382979 0.0234375 0.03723404255319149
1 0.7065104166666667 0.4898936170212766 0.0234375 0.03723404255319149
1 0.7520833333333333 0.5771276595744681 0.084375 0.03723404255319149
1 0.79140625 0.7117021276595744 0.15572916666666667 0.03829787234042553
1 0.7065104166666667 0.6505319148936171 0.0234375 0.03723404255319149
1 0.7427083333333333 0.7824468085106383 0.06145833333333333 0.03723404255319149
1 0.7330729166666666 0.848404255319149 0.04635416666666667 0.03723404255319149
3 0.7703125 0.35 0.41458333333333336 0.06808510638297872
3 0.7703125 0.4909574468085106 0.41458333333333336 0.07765957446808511
3 0.7703125 0.5686170212765957 0.41458333333333336 0.07765957446808511
3 0.7703125 0.6409574468085106 0.41458333333333336 0.06702127659574468
3 0.7703125 0.7074468085106383 0.41458333333333336 0.06595744680851064
3 0.7703125 0.776595744680851 0.41458333333333336 0.07234042553191489
3 0.7703125 0.8457446808510638 0.41458333333333336 0.06595744680851064
3 0.7703125 0.9122340425531915 0.41458333333333336 0.06702127659574468
0 0.7033854166666667 0.5728723404255319 0.015104166666666667 0.02872340425531915
0 0.7046875 0.7122340425531914 0.017708333333333333 0.03297872340425532
0 0.7046875 0.7824468085106383 0.017708333333333333 0.03297872340425532
0 0.7059895833333333 0.8473404255319149 0.015104166666666667 0.039361702127659576
0 0.7033854166666667 0.9180851063829787 0.015104166666666667 0.04042553191489362
0 0.95546875 0.3398936170212766 0.0171875 0.035106382978723406
0 0.9565104166666667 0.4867021276595745 0.0171875 0.035106382978723406
1 0.7375 0.9191489361702128 0.053125 0.03829787234042553
3 0.7703125 0.41808510638297874 0.41458333333333336 0.06808510638297872
1 0.6184895833333334 0.5723404255319149 0.06927083333333334 0.03829787234042553
1 0.18203125 0.4473404255319149 0.04635416666666667 0.03723404255319149
1 0.18619791666666666 0.5090425531914894 0.0546875 0.03723404255319149
1 0.1953125 0.5845744680851064 0.07291666666666667 0.03723404255319149
1 0.20286458333333332 0.6553191489361702 0.08802083333333334 0.03829787234042553
1 0.278125 0.451063829787234 0.022916666666666665 0.036170212765957444
1 0.27682291666666664 0.5196808510638298 0.0234375 0.035106382978723406
1 0.2828125 0.5925531914893617 0.022916666666666665 0.036170212765957444
1 0.28229166666666666 0.6648936170212766 0.021875 0.0425531914893617
1 0.17578125 0.825 0.024479166666666666 0.03723404255319149
3 0.3455729166666667 0.4452127659574468 0.4140625 0.06702127659574468
3 0.3455729166666667 0.5117021276595745 0.4140625 0.06595744680851064
3 0.3455729166666667 0.5845744680851064 0.4140625 0.0797872340425532
3 0.3455729166666667 0.6643617021276595 0.4140625 0.0797872340425532
3 0.346875 0.8223404255319149 0.41458333333333336 0.06595744680851064
0 0.15729166666666666 0.21170212765957447 0.03125 0.07021276595744681
1 0.6174479166666667 0.9808510638297873 0.0671875 0.03829787234042553
1 0.7416666666666667 0.9851063829787234 0.065625 0.027659574468085105
0 0.70234375 0.9845744680851064 0.015104166666666667 0.030851063829787233
3 0.7703125 0.972872340425532 0.41458333333333336 0.05425531914893617
12 0.5645833333333333 0.5585106382978723 0.8708333333333333 0.8829787234042553
