0 0.01484375 0.03031914893617021 0.016145833333333335 0.03297872340425532
0 0.88984375 0.03031914893617021 0.016145833333333335 0.03723404255319149
0 0.8583333333333333 0.032446808510638296 0.017708333333333333 0.03297872340425532
0 0.92109375 0.032446808510638296 0.018229166666666668 0.03297872340425532
0 0.9841145833333333 0.032446808510638296 0.024479166666666666 0.052127659574468084
0 0.9518229166666666 0.032446808510638296 0.0171875 0.03297872340425532
0 0.29244791666666664 0.032446808510638296 0.0171875 0.03297872340425532
1 0.06901041666666667 0.034574468085106384 0.06927083333333334 0.03297872340425532
8 0.43255208333333334 0.032446808510638296 0.3026041666666667 0.04148936170212766
10 0.49921875 0.03031914893617021 0.9984375 0.06063829787234042
0 0.014322916666666666 0.0898936170212766 0.015104166666666667 0.035106382978723406
0 0.013541666666666667 0.14095744680851063 0.013541666666666667 0.03297872340425532
0 0.014322916666666666 0.18936170212765957 0.015104166666666667 0.036170212765957444
0 0.013020833333333334 0.23563829787234042 0.0125 0.03297872340425532
0 0.013020833333333334 0.34095744680851064 0.0125 0.03297872340425532
0 0.0140625 0.38670212765957446 0.0125 0.03297872340425532
0 0.013020833333333334 0.43138297872340425 0.0125 0.03297872340425532
0 0.013020833333333334 0.9063829787234042 0.014583333333333334 0.04042553191489362
0 0.013020833333333334 0.8026595744680851 0.014583333333333334 0.039361702127659576
0 0.013020833333333334 0.7085106382978723 0.014583333333333334 0.04042553191489362
0 0.014322916666666666 0.6611702127659574 0.015104166666666667 0.039361702127659576
0 0.014322916666666666 0.7531914893617021 0.015104166666666667 0.04042553191489362
0 0.103125 0.18776595744680852 0.017708333333333333 0.03297872340425532
0 0.103125 0.23297872340425532 0.017708333333333333 0.03404255319148936
0 0.103125 0.2867021276595745 0.017708333333333333 0.03297872340425532
0 0.103125 0.4877659574468085 0.017708333333333333 0.03297872340425532
0 0.10442708333333334 0.6079787234042553 0.0171875 0.03297872340425532
0 0.103125 0.5441489361702128 0.017708333333333333 0.03297872340425532
0 0.103125 0.8579787234042553 0.017708333333333333 0.03297872340425532
0 0.10442708333333334 0.9622340425531914 0.0171875 0.03297872340425532
2 0.04635416666666667 0.14095744680851063 0.08645833333333333 0.04148936170212766
2 0.04635416666666667 0.18829787234042553 0.08645833333333333 0.0425531914893617
2 0.04635416666666667 0.2351063829787234 0.08645833333333333 0.0425531914893617
2 0.04635416666666667 0.2872340425531915 0.08645833333333333 0.0425531914893617
5 0.0546875 0.3414893617021277 0.09791666666666667 0.0425531914893617
5 0.04765625 0.3882978723404255 0.08697916666666666 0.0425531914893617
5 0.057291666666666664 0.4329787234042553 0.10625 0.0425531914893617
2 0.04635416666666667 0.5468085106382978 0.08645833333333333 0.0425531914893617
2 0.04635416666666667 0.6090425531914894 0.08645833333333333 0.05425531914893617
5 0.05520833333333333 0.6622340425531915 0.10416666666666667 0.04148936170212766
5 0.04869791666666667 0.7042553191489361 0.09114583333333333 0.0425531914893617
2 0.0453125 0.8553191489361702 0.08645833333333333 0.0425531914893617
5 0.04635416666666667 0.9074468085106383 0.08645833333333333 0.0425531914893617
5 0.051041666666666666 0.7542553191489362 0.09583333333333334 0.0425531914893617
5 0.04869791666666667 0.801063829787234 0.09114583333333333 0.0425531914893617
2 0.04635416666666667 0.9632978723404255 0.08645833333333333 0.05425531914893617
11 0.06458333333333334 0.5297872340425532 0.12916666666666668 0.9382978723404255
0 0.9703125 0.11542553191489362 0.017708333333333333 0.03297872340425532
0 0.73125 0.11595744680851064 0.014583333333333334 0.04042553191489362
0 0.8184895833333333 0.9675531914893617 0.016145833333333335 0.035106382978723406
0 0.94609375 0.9675531914893617 0.013020833333333334 0.035106382978723406
0 0.79609375 0.9654255319148937 0.0171875 0.035106382978723406
0 0.9674479166666666 0.9654255319148937 0.016145833333333335 0.035106382978723406
0 0.3203125 0.26861702127659576 0.0125 0.03297872340425532
0 0.38255208333333335 0.26648936170212767 0.013020833333333334 0.03297872340425532
0 0.44609375 0.26648936170212767 0.013020833333333334 0.03297872340425532
9 0.20416666666666666 0.1148936170212766 0.11041666666666666 0.0425531914893617
4 0.7455729166666667 0.11648936170212766 0.0484375 0.05
8 0.8721354166666667 0.11595744680851064 0.1765625 0.04042553191489362
1 0.18463541666666666 0.19787234042553192 0.06927083333333334 0.0425531914893617
1 0.22213541666666667 0.9675531914893617 0.1515625 0.035106382978723406
1 0.88203125 0.9664893617021276 0.10364583333333334 0.03297872340425532
7 0.22604166666666667 0.2675531914893617 0.0625 0.05425531914893617
7 0.31276041666666665 0.2675531914893617 0.034895833333333334 0.05425531914893617
7 0.3703125 0.2675531914893617 0.041666666666666664 0.05425531914893617
7 0.42864583333333334 0.2675531914893617 0.05416666666666667 0.05425531914893617
7 0.4903645833333333 0.2675531914893617 0.0484375 0.05425531914893617
7 0.5505208333333333 0.2675531914893617 0.041666666666666664 0.05425531914893617
7 0.6291666666666667 0.2675531914893617 0.06666666666666667 0.05425531914893617
7 0.7057291666666666 0.2675531914893617 0.052083333333333336 0.05425531914893617
7 0.8184895833333333 0.2675531914893617 0.07864583333333333 0.05425531914893617
7 0.890625 0.2675531914893617 0.05625 0.05425531914893617
1 0.28203125 0.1973404255319149 0.10989583333333333 0.03297872340425532
15 0.56328125 0.26861702127659576 0.8265625 0.07553191489361702
0 0.17421875 0.40638297872340423 0.03697916666666667 0.06382978723404255
0 0.17526041666666667 0.48404255319148937 0.03697916666666667 0.06382978723404255
0 0.17526041666666667 0.5617021276595745 0.03697916666666667 0.06382978723404255
0 0.17421875 0.6393617021276595 0.03697916666666667 0.06382978723404255
0 0.17421875 0.7175531914893617 0.03697916666666667 0.0627659574468085
0 0.17317708333333334 0.7957446808510639 0.03697916666666667 0.06382978723404255
0 0.17526041666666667 0.8734042553191489 0.03697916666666667 0.06382978723404255
0 0.17526041666666667 0.32872340425531915 0.03697916666666667 0.06382978723404255
1 0.2265625 0.33085106382978724 0.05416666666666667 0.036170212765957444
1 0.22265625 0.40372340425531916 0.04635416666666667 0.035106382978723406
1 0.23177083333333334 0.48404255319148937 0.06666666666666667 0.036170212765957444
1 0.22708333333333333 0.5664893617021277 0.05520833333333333 0.035106382978723406
1 0.22734375 0.6377659574468085 0.059895833333333336 0.035106382978723406
1 0.22317708333333333 0.7196808510638298 0.0515625 0.035106382978723406
1 0.2328125 0.800531914893617 0.06458333333333334 0.035106382978723406
1 0.3067708333333333 0.3281914893617021 0.022916666666666665 0.035106382978723406
1 0.3067708333333333 0.40904255319148936 0.022916666666666665 0.035106382978723406
1 0.3067708333333333 0.4867021276595745 0.022916666666666665 0.035106382978723406
1 0.3067708333333333 0.5643617021276596 0.022916666666666665 0.035106382978723406
1 0.30807291666666664 0.6420212765957447 0.0234375 0.035106382978723406
1 0.3067708333333333 0.7223404255319149 0.022916666666666665 0.036170212765957444
1 0.30807291666666664 0.800531914893617 0.0234375 0.035106382978723406
1 0.3572916666666667 0.33085106382978724 0.019791666666666666 0.036170212765957444
1 0.35833333333333334 0.40904255319148936 0.019791666666666666 0.035106382978723406
1 0.3572916666666667 0.4888297872340426 0.019791666666666666 0.035106382978723406
1 0.35833333333333334 0.5643617021276596 0.019791666666666666 0.035106382978723406
1 0.35833333333333334 0.6398936170212766 0.019791666666666666 0.035106382978723406
1 0.3572916666666667 0.7196808510638298 0.019791666666666666 0.035106382978723406
1 0.3572916666666667 0.800531914893617 0.019791666666666666 0.035106382978723406
1 0.41484375 0.3281914893617021 0.0265625 0.035106382978723406
1 0.41484375 0.40904255319148936 0.0265625 0.035106382978723406
1 0.41484375 0.4867021276595745 0.0265625 0.035106382978723406
1 0.41484375 0.5643617021276596 0.0265625 0.035106382978723406
1 0.41484375 0.6420212765957447 0.0265625 0.035106382978723406
1 0.41380208333333335 0.7223404255319149 0.0265625 0.036170212765957444
1 0.41484375 0.7978723404255319 0.0265625 0.036170212765957444
1 0.48489583333333336 0.33085106382978724 0.041666666666666664 0.036170212765957444
1 0.47213541666666664 0.40904255319148936 0.016145833333333335 0.035106382978723406
1 0.47213541666666664 0.4867021276595745 0.016145833333333335 0.035106382978723406
1 0.47213541666666664 0.5664893617021277 0.016145833333333335 0.035106382978723406
1 0.47213541666666664 0.6441489361702127 0.016145833333333335 0.035106382978723406
1 0.47213541666666664 0.7223404255319149 0.016145833333333335 0.036170212765957444
1 0.47213541666666664 0.7978723404255319 0.016145833333333335 0.036170212765957444
1 0.53671875 0.33085106382978724 0.016145833333333335 0.036170212765957444
1 0.6013020833333333 0.3281914893617021 0.016145833333333335 0.035106382978723406
1 0.68671875 0.3281914893617021 0.016145833333333335 0.035106382978723406
1 0.78515625 0.3281914893617021 0.016145833333333335 0.035106382978723406
1 0.53671875 0.41117021276595744 0.016145833333333335 0.035106382978723406
1 0.6013020833333333 0.40904255319148936 0.016145833333333335 0.035106382978723406
1 0.6856770833333333 0.40904255319148936 0.016145833333333335 0.035106382978723406
1 0.78359375 0.40904255319148936 0.016145833333333335 0.035106382978723406
1 0.5377604166666666 0.4867021276595745 0.016145833333333335 0.035106382978723406
1 0.53671875 0.5643617021276596 0.016145833333333335 0.035106382978723406
1 0.53671875 0.6441489361702127 0.016145833333333335 0.035106382978723406
1 0.5377604166666666 0.725 0.016145833333333335 0.035106382978723406
1 0.5377604166666666 0.800531914893617 0.016145833333333335 0.035106382978723406
1 0.60234375 0.4867021276595745 0.016145833333333335 0.035106382978723406
1 0.68671875 0.4888297872340426 0.016145833333333335 0.035106382978723406
1 0.78515625 0.4888297872340426 0.016145833333333335 0.035106382978723406
1 0.60234375 0.5691489361702128 0.016145833333333335 0.036170212765957444
1 0.68671875 0.5664893617021277 0.016145833333333335 0.035106382978723406
1 0.78515625 0.5664893617021277 0.016145833333333335 0.035106382978723406
1 0.60234375 0.6420212765957447 0.016145833333333335 0.035106382978723406
1 0.68671875 0.6441489361702127 0.016145833333333335 0.035106382978723406
1 0.78515625 0.6441489361702127 0.016145833333333335 0.035106382978723406
1 0.6013020833333333 0.7223404255319149 0.016145833333333335 0.036170212765957444
1 0.60234375 0.800531914893617 0.016145833333333335 0.035106382978723406
1 0.68671875 0.7223404255319149 0.016145833333333335 0.036170212765957444
1 0.68671875 0.7978723404255319 0.016145833333333335 0.036170212765957444
1 0.78359375 0.7223404255319149 0.016145833333333335 0.036170212765957444
1 0.78359375 0.800531914893617 0.016145833333333335 0.035106382978723406
1 0.9096354166666667 0.3281914893617021 0.09739583333333333 0.035106382978723406
1 0.9033854166666667 0.40904255319148936 0.08177083333333333 0.035106382978723406
1 0.890625 0.4867021276595745 0.05625 0.035106382978723406
1 0.8893229166666666 0.5664893617021277 0.05677083333333333 0.035106382978723406
1 0.890625 0.6441489361702127 0.05625 0.035106382978723406
1 0.890625 0.7196808510638298 0.05625 0.035106382978723406
1 0.8877604166666667 0.7978723404255319 0.050520833333333334 0.036170212765957444
1 0.23072916666666668 0.875531914893617 0.06458333333333334 0.036170212765957444
1 0.30572916666666666 0.8781914893617021 0.022916666666666665 0.035106382978723406
1 0.35598958333333336 0.875531914893617 0.019270833333333334 0.036170212765957444
1 0.41484375 0.875531914893617 0.0265625 0.036170212765957444
1 0.47109375 0.875531914893617 0.016145833333333335 0.036170212765957444
1 0.5377604166666666 0.875531914893617 0.016145833333333335 0.036170212765957444
1 0.6013020833333333 0.8734042553191489 0.016145833333333335 0.036170212765957444
1 0.6846354166666667 0.8781914893617021 0.016145833333333335 0.035106382978723406
1 0.7825520833333334 0.8734042553191489 0.016145833333333335 0.036170212765957444
1 0.8864583333333333 0.875531914893617 0.051041666666666666 0.036170212765957444
3 0.56328125 0.33404255319148934 0.8265625 0.06170212765957447
3 0.56328125 0.40372340425531916 0.8265625 0.07765957446808511
3 0.56328125 0.4803191489361702 0.8265625 0.07553191489361702
3 0.56328125 0.5585106382978723 0.8265625 0.08085106382978724
3 0.56328125 0.6388297872340426 0.8265625 0.0797872340425532
3 0.56328125 0.7164893617021276 0.8265625 0.07553191489361702
3 0.56328125 0.7968085106382978 0.8265625 0.0851063829787234
3 0.56328125 0.8675531914893617 0.8265625 0.05638297872340425
12 0.5645833333333333 0.5303191489361702 0.8708333333333333 0.9393617021276596
