0 0.014721345951629864 0.03036876355748373 0.015772870662460567 0.03253796095444685
0 0.8898527865404837 0.02982646420824295 0.01629863301787592 0.03796095444685466
0 0.8583070452155626 0.03253796095444685 0.017350157728706624 0.03253796095444685
0 0.9213985278654049 0.03253796095444685 0.01840168243953733 0.03253796095444685
0 0.9842271293375394 0.03253796095444685 0.024185068349106203 0.052060737527114966
0 0.9518927444794952 0.03253796095444685 0.017350157728706624 0.03253796095444685
0 0.29258675078864355 0.03253796095444685 0.017350157728706624 0.03253796095444685
1 0.06887486855941115 0.03470715835140998 0.0694006309148265 0.03253796095444685
8 0.4327024185068349 0.03253796095444685 0.3028391167192429 0.04338394793926247
10 0.499211356466877 0.03036876355748373 0.998422712933754 0.06073752711496746
0 0.014195583596214511 0.09056399132321041 0.014721345951629864 0.03579175704989154
0 0.01288117770767613 0.78470715835141 0.015247108307045216 0.04013015184381779
0 0.014195583596214511 0.678416485900217 0.014721345951629864 0.04013015184381779
0 0.014195583596214511 0.584056399132321 0.014721345951629864 0.04013015184381779
0 0.014195583596214511 0.5374186550976139 0.014721345951629864 0.04013015184381779
0 0.01288117770767613 0.6317787418655098 0.015247108307045216 0.04013015184381779
0 0.014195583596214511 0.8975054229934925 0.014721345951629864 0.03579175704989154
0 0.10541535226077813 0.4148590021691974 0.017350157728706624 0.033622559652928416
0 0.10541535226077813 0.7288503253796096 0.017350157728706624 0.03253796095444685
0 0.10436382754994743 0.8421908893709328 0.017350157728706624 0.033622559652928416
0 0.10436382754994743 0.9479392624728851 0.017350157728706624 0.03253796095444685
0 0.10541535226077813 0.47885032537960953 0.017350157728706624 0.033622559652928416
2 0.04758149316508938 0.4804772234273319 0.08675078864353312 0.05422993492407809
5 0.05625657202944269 0.5363340563991323 0.10410094637223975 0.04229934924078091
5 0.049947423764458466 0.5786334056399133 0.0914826498422713 0.04229934924078091
2 0.04652996845425868 0.7293926247288504 0.08675078864353312 0.04229934924078091
5 0.05231335436382755 0.6279826464208242 0.09621451104100946 0.04338394793926247
5 0.049947423764458466 0.6751626898047722 0.0914826498422713 0.04229934924078091
5 0.0473186119873817 0.7836225596529284 0.0946372239747634 0.04229934924078091
2 0.04863301787592009 0.8394793926247288 0.08675078864353312 0.05422993492407809
5 0.04547844374342797 0.8953362255965293 0.08675078864353312 0.04229934924078091
2 0.04547844374342797 0.9506507592190889 0.08675078864353312 0.04229934924078091
5 0.061514195583596214 0.12906724511930587 0.10725552050473186 0.028199566160520606
5 0.060988433228180865 0.17407809110629066 0.10620399579390116 0.04229934924078091
5 0.04258675078864353 0.21746203904555314 0.0694006309148265 0.04229934924078091
5 0.03548895899053628 0.2651843817787419 0.055205047318611984 0.04229934924078091
5 0.051787592008412195 0.3150759219088937 0.08780231335436382 0.04229934924078091
5 0.06203995793901157 0.3627982646420824 0.10830704521556257 0.04229934924078091
2 0.04863301787592009 0.4175704989154013 0.08675078864353312 0.04338394793926247
11 0.06440588853838065 0.529826464208243 0.1288117770767613 0.938177874186551
0 0.1995268138801262 0.09164859002169197 0.01629863301787592 0.03796095444685466
0 0.1440588853838065 0.09056399132321041 0.015772870662460567 0.03579175704989154
0 0.27681388012618297 0.09164859002169197 0.01840168243953733 0.033622559652928416
0 0.9855415352260778 0.08893709327548807 0.017350157728706624 0.03253796095444685
0 0.9442691903259727 0.08947939262472886 0.015772870662460567 0.03796095444685466
0 0.14274447949526814 0.14099783080260303 0.01629863301787592 0.0368763557483731
0 0.3372765509989485 0.09164859002169197 0.017350157728706624 0.03796095444685466
0 0.39563617245005256 0.09164859002169197 0.01629863301787592 0.03796095444685466
0 0.17376445846477392 0.09164859002169197 0.017350157728706624 0.033622559652928416
0 0.48396424815983174 0.09164859002169197 0.017350157728706624 0.033622559652928416
0 0.5349631966351209 0.517353579175705 0.017350157728706624 0.03470715835140998
1 0.24263932702418506 0.1399132321041215 0.18138801261829654 0.03036876355748373
1 0.20531019978969506 0.21420824295010846 0.055205047318611984 0.06616052060737528
1 0.7773396424815984 0.21637744034707157 0.028916929547844375 0.046637744034707156
1 0.8243953732912723 0.21908893709327548 0.046267087276550996 0.052060737527114966
1 0.8824921135646687 0.21691973969631237 0.054153522607781286 0.052060737527114966
1 0.9479495268138801 0.21746203904555314 0.05783385909568875 0.0596529284164859
1 0.20399579390115669 0.44414316702819956 0.08096740273396424 0.031453362255965296
1 0.19085173501577288 0.517353579175705 0.056782334384858045 0.03470715835140998
1 0.18559411146161936 0.5813449023861171 0.04416403785488959 0.026030368763557483
1 0.28101997896950576 0.443058568329718 0.017350157728706624 0.01843817787418655
1 0.28101997896950576 0.5845986984815619 0.017350157728706624 0.019522776572668113
1 0.2820715036803365 0.5184381778741866 0.017350157728706624 0.019522776572668113
1 0.6188222923238696 0.4419739696312364 0.0946372239747634 0.03579175704989154
1 0.7174027339642481 0.4403470715835141 0.017350157728706624 0.028199566160520606
6 0.1916403785488959 0.28470715835141 0.09936908517350158 0.04229934924078091
6 0.297055730809674 0.28470715835141 0.09568874868559411 0.04229934924078091
6 0.37092534174553105 0.28470715835141 0.04258675078864353 0.04229934924078091
6 0.4624079915878023 0.28470715835141 0.12355415352260778 0.04229934924078091
9 0.19085173501577288 0.368763557483731 0.08412197686645637 0.03470715835140998
14 0.564931650893796 0.28633405639913234 0.8690851735015773 0.05856832971800434
4 0.2386961093585699 0.0911062906724512 0.04416403785488959 0.052060737527114966
4 0.2917981072555205 0.09273318872017354 0.05573080967402734 0.04880694143167028
4 0.35304942166140907 0.09273318872017354 0.05310199789695058 0.04880694143167028
4 0.42875920084121977 0.09273318872017354 0.08885383806519453 0.04880694143167028
4 0.9558359621451105 0.09164859002169197 0.046267087276550996 0.046637744034707156
13 0.5651945320715037 0.09273318872017354 0.8696109358569927 0.0596529284164859
0 0.157465825446898 0.21203904555314534 0.031019978969505785 0.07049891540130152
0 0.22739221871713985 0.09164859002169197 0.01840168243953733 0.033622559652928416
12 0.5651945320715037 0.5607375271149675 0.8696109358569927 0.8720173535791758
3 0.5604626708727655 0.443058568329718 0.8370136698212408 0.07049891540130152
3 0.5604626708727655 0.517353579175705 0.8370136698212408 0.07809110629067245
3 0.5604626708727655 0.5856832971800434 0.8370136698212408 0.05856832971800434
