0 0.014721345951629864 0.03036876355748373 0.015772870662460567 0.03253796095444685
0 0.8898527865404837 0.02982646420824295 0.01629863301787592 0.03796095444685466
0 0.8583070452155626 0.03253796095444685 0.017350157728706624 0.03253796095444685
0 0.9213985278654049 0.03253796095444685 0.01840168243953733 0.03253796095444685
0 0.9842271293375394 0.03253796095444685 0.024185068349106203 0.052060737527114966
0 0.9518927444794952 0.03253796095444685 0.017350157728706624 0.03253796095444685
0 0.29258675078864355 0.03253796095444685 0.017350157728706624 0.03253796095444685
1 0.06887486855941115 0.03470715835140998 0.0694006309148265 0.03253796095444685
1 0.13301787592008413 0.033622559652928416 0.024185068349106203 0.03036876355748373
8 0.4327024185068349 0.03253796095444685 0.3028391167192429 0.04338394793926247
10 0.499211356466877 0.03036876355748373 0.998422712933754 0.06073752711496746
0 0.014195583596214511 0.09056399132321041 0.014721345951629864 0.03579175704989154
0 0.013669821240799159 0.14587852494577006 0.013669821240799159 0.033622559652928416
0 0.014195583596214511 0.19414316702819956 0.014721345951629864 0.03470715835140998
0 0.013144058885383806 0.24023861171366595 0.012618296529968454 0.033622559652928416
0 0.01288117770767613 0.7603036876355749 0.015247108307045216 0.03470715835140998
0 0.01288117770767613 0.7131236442516269 0.015247108307045216 0.03579175704989154
0 0.11593059936908517 0.19522776572668113 0.017350157728706624 0.03253796095444685
0 0.11593059936908517 0.24023861171366595 0.017350157728706624 0.033622559652928416
0 0.11593059936908517 0.2917570498915401 0.017350157728706624 0.03253796095444685
0 0.11593059936908517 0.3541214750542299 0.017350157728706624 0.033622559652928416
0 0.11593059936908517 0.4137744034707158 0.017350157728706624 0.033622559652928416
0 0.11698212407991587 0.47559652928416485 0.017350157728706624 0.033622559652928416
0 0.11593059936908517 0.53470715835141 0.017350157728706624 0.03253796095444685
0 0.11593059936908517 0.6561822125813449 0.017350157728706624 0.03253796095444685
0 0.11698212407991587 0.5970715835140998 0.017350157728706624 0.033622559652928416
2 0.05231335436382755 0.14099783080260303 0.09831756046267087 0.04338394793926247
2 0.05231335436382755 0.18817787418655096 0.09831756046267087 0.04229934924078091
2 0.05231335436382755 0.23535791757049893 0.09831756046267087 0.04338394793926247
2 0.05231335436382755 0.29663774403470716 0.09831756046267087 0.04229934924078091
2 0.05231335436382755 0.3530368763557484 0.09831756046267087 0.04229934924078091
2 0.05231335436382755 0.4148590021691974 0.09831756046267087 0.04229934924078091
2 0.05231335436382755 0.47559652928416485 0.09831756046267087 0.04229934924078091
2 0.05231335436382755 0.539587852494577 0.09831756046267087 0.04229934924078091
2 0.053364879074658256 0.6003253796095445 0.09831756046267087 0.04229934924078091
2 0.053364879074658256 0.6567245119305857 0.09831756046267087 0.04229934924078091
5 0.04758149316508938 0.7163774403470716 0.08675078864353312 0.04229934924078091
5 0.05231335436382755 0.7592190889370932 0.09621451104100946 0.04338394793926247
11 0.06440588853838065 0.529826464208243 0.1288117770767613 0.938177874186551
0 0.2392218717139853 0.23318872017353579 0.010515247108307046 0.02386117136659436
0 0.15851735015772872 0.21475054229934923 0.031019978969505785 0.06073752711496746
4 0.2455310199789695 0.0911062906724512 0.05993690851735016 0.052060737527114966
4 0.40799158780231337 0.09002169197396963 0.07991587802313355 0.049891540130151846
4 0.33543638275499477 0.09002169197396963 0.058885383806519455 0.049891540130151846
4 0.4802839116719243 0.09002169197396963 0.05310199789695058 0.049891540130151846
4 0.5557308096740273 0.09002169197396963 0.08937960042060988 0.049891540130151846
4 0.955310199789695 0.09002169197396963 0.0452155625657203 0.049891540130151846
13 0.5651945320715037 0.09273318872017354 0.8696109358569927 0.0596529284164859
1 0.24631966351209253 0.14099783080260303 0.19085173501577288 0.03253796095444685
1 0.21109358569926392 0.20119305856832972 0.06677181913774974 0.04013015184381779
1 0.3017875920084122 0.2044468546637744 0.035751840168243953 0.04013015184381779
1 0.19085173501577288 0.23698481561822127 0.028391167192429023 0.031453362255965296
6 0.16771819137749738 0.2874186550976139 0.056782334384858045 0.052060737527114966
6 0.22266035751840169 0.2874186550976139 0.04153522607781283 0.052060737527114966
6 0.28496319663512093 0.2874186550976139 0.07886435331230283 0.052060737527114966
14 0.5644058885383807 0.28796095444685466 0.8711882229232387 0.06616052060737528
0 0.8940588853838065 0.9061822125813449 0.01629863301787592 0.03579175704989154
0 0.9458464773922187 0.9061822125813449 0.012618296529968454 0.03579175704989154
0 0.8711882229232387 0.9061822125813449 0.017875920084121977 0.03579175704989154
1 0.9206098843322819 0.9072668112798264 0.035751840168243953 0.03796095444685466
1 0.5315457413249212 0.908351409978308 0.0452155625657203 0.03579175704989154
0 0.5885909568874869 0.6399132321041214 0.008937960042060988 0.03036876355748373
0 0.5793901156677181 0.6399132321041214 0.00946372239747634 0.03036876355748373
9 0.5281282860147214 0.5092190889370932 0.06782334384858044 0.03579175704989154
4 0.9045741324921136 0.5797180043383948 0.061514195583596214 0.046637744034707156
7 0.5644058885383807 0.6382863340563991 0.06466876971608833 0.046637744034707156
15 0.7318611987381703 0.636117136659436 0.4921135646687697 0.057483731019522775
1 0.7318611987381703 0.7483731019522777 0.08307045215562565 0.0455531453362256
0 0.7560462670872765 0.6366594360086768 0.00946372239747634 0.03036876355748373
0 0.8530494216614091 0.6366594360086768 0.008937960042060988 0.03036876355748373
7 0.7473711882229233 0.6382863340563991 0.033123028391167195 0.046637744034707156
7 0.8288643533123028 0.6382863340563991 0.06466876971608833 0.046637744034707156
7 0.9229758149316509 0.6382863340563991 0.05625657202944269 0.046637744034707156
0 0.9529442691903259 0.5824295010845987 0.013144058885383806 0.03470715835140998
0 0.8845951629863302 0.5786334056399133 0.017350157728706624 0.03796095444685466
0 0.1440588853838065 0.09056399132321041 0.015772870662460567 0.03579175704989154
0 0.20005257623554154 0.09164859002169197 0.017350157728706624 0.033622559652928416
0 0.1706098843322818 0.09164859002169197 0.01840168243953733 0.04229934924078091
0 0.9855415352260778 0.08893709327548807 0.017350157728706624 0.03253796095444685
0 0.14274447949526814 0.14099783080260303 0.01629863301787592 0.0368763557483731
0 0.9442691903259727 0.08947939262472886 0.015772870662460567 0.03796095444685466
0 0.3183491062039958 0.09164859002169197 0.01840168243953733 0.033622559652928416
0 0.5228706624605678 0.09164859002169197 0.01840168243953733 0.03796095444685466
0 0.6101472134595163 0.09164859002169197 0.017350157728706624 0.033622559652928416
0 0.29153522607781285 0.0938177874186551 0.017350157728706624 0.033622559652928416
0 0.37907465825446895 0.0938177874186551 0.016824395373291272 0.033622559652928416
0 0.2279179810725552 0.09164859002169197 0.017350157728706624 0.033622559652928416
0 0.46503680336487907 0.0938177874186551 0.01629863301787592 0.03796095444685466
1 0.2202944269190326 0.23698481561822127 0.030494216614090432 0.031453362255965296
1 0.5549421661409043 0.3421908893709328 0.09936908517350158 0.03796095444685466
1 0.554416403785489 0.4094360086767896 0.09831756046267087 0.03796095444685466
1 0.6267087276550999 0.3541214750542299 0.023133543638275498 0.03796095444685466
1 0.6267087276550999 0.4137744034707158 0.023133543638275498 0.03796095444685466
3 0.732912723449001 0.3481561822125813 0.4921135646687697 0.05422993492407809
3 0.732912723449001 0.4078091106290672 0.4921135646687697 0.0650759219088937
12 0.5651945320715037 0.561822125813449 0.8696109358569927 0.8763557483731019
